,UID wynajmu,Numer roweru,Data wynajmu,Data zwrotu,Stacja wynajmu,Stacja zwrotu,Czas trwania
0,135689682,650510,2022-01-11 00:04:48,2022-01-11 00:06:05,Plac Świętego Macieja / Trzebnicka,Plac Świętego Macieja / Trzebnicka,2
1,135689590,650433,2022-01-10 23:50:20,2022-01-11 00:07:44,Nowowiejska / Jedności Narodowej,Wróblewskiego (Teki),18
2,135689611,57468,2022-01-10 23:53:54,2022-01-11 00:10:02,Klecińska (Wrocław Grabiszyn),Strzegomska / Rogowska ,17
3,135689708,57875,2022-01-11 00:09:13,2022-01-11 00:10:07,Powstańcow Śląskich / Aleja Hallera,Powstańcow Śląskich / Aleja Hallera,1
4,135689683,651236,2022-01-11 00:04:59,2022-01-11 00:10:50,Plac Świętego Macieja / Trzebnicka,Plac Świętego Macieja / Trzebnicka,6
5,135689629,650373,2022-01-10 23:57:39,2022-01-11 00:12:06,Solskiego / al. Piastów,Grabiszyńska / Magazynierska (Corte Verona),15
6,135689737,57875,2022-01-11 00:12:21,2022-01-11 00:13:10,Powstańcow Śląskich / Aleja Hallera,Powstańcow Śląskich / Aleja Hallera,1
7,135689676,57401,2022-01-11 00:03:30,2022-01-11 00:14:02,Bezpieczna / Obornicka,Berenta / Kasprowicza,11
8,135689693,57274,2022-01-11 00:06:11,2022-01-11 00:16:58,Krakowska / Leroy Merlin,Kościuszki / Komuny Paryskiej / Zgodna,11
9,135689712,57138,2022-01-11 00:09:20,2022-01-11 00:17:10,Powstańcow Śląskich / Aleja Hallera,Plac Powstańców Śląskich,8
10,135689724,57737,2022-01-11 00:10:19,2022-01-11 00:18:10,Ślężna / Skierniewicka,Skarbowców / Wietrzna,8
11,135689751,57767,2022-01-11 00:14:50,2022-01-11 00:22:20,Piaskowa / św. Ducha,Plac Grunwaldzki / Polaka,8
12,135689742,650291,2022-01-11 00:13:06,2022-01-11 00:22:53,Grabiszyńska / Magazynierska (Corte Verona),Żelazna / Pereca,10
13,135689717,57613,2022-01-11 00:09:37,2022-01-11 00:23:20,Kamienna / Tomaszowska,Tarnogajska / Klimasa,14
14,135689767,57138,2022-01-11 00:17:41,2022-01-11 00:23:55,Plac Powstańców Śląskich,Świdnicka / Piłsudskiego (Hotel Scandic),7
15,135689764,650934,2022-01-11 00:17:13,2022-01-11 00:23:58,Plac Powstańców Śląskich,Świdnicka / Piłsudskiego (Hotel Scandic),7
16,135689700,650139,2022-01-11 00:07:35,2022-01-11 00:26:16,Lotnicza / Bajana,Mrągowska / Rolna,19
17,135689720,650553,2022-01-11 00:09:50,2022-01-11 00:30:56,Żmigrodzka / Marino,pl. Powstańców Wielkopolskich,22
18,135689793,57616,2022-01-11 00:24:19,2022-01-11 00:31:08,Legnicka (Park Magnolia),Lotnicza / Na Ostatnim Groszu,7
19,135689780,650214,2022-01-11 00:22:00,2022-01-11 00:32:58,Plac Legionów,Pereca / Grabiszyńska,11
20,135689823,57903,2022-01-11 00:28:53,2022-01-11 00:32:58,Kamienna / Borowska (Aquapark),Komandorska / Kamienna,5
21,135689774,651515,2022-01-11 00:20:22,2022-01-11 00:33:54,Świdnicka / Piłsudskiego (Hotel Scandic),Legnicka (Park Magnolia),14
22,135689838,57623,2022-01-11 00:31:35,2022-01-11 00:39:02,Ślężna / Kamienna (Uniw. Ekonomiczny),"Grochowa / Jemiołowa,",8
23,135660623,650038,2022-01-10 10:48:13,2022-01-11 00:40:18,Mickiewicza / pętla tramwajowa,Wróblewskiego (Teki),833
24,135689820,57127,2022-01-11 00:28:04,2022-01-11 00:41:18,Kwidzyńska pętla,Aleja Kromera,14
25,135689898,650374,2022-01-11 00:42:40,2022-01-11 00:47:44,Tarnogajska / Klimasa,al. Armii Krajowej / Bardzka,6
26,135689874,57903,2022-01-11 00:37:55,2022-01-11 00:48:07,Komandorska / Kamienna,Grabiszyńska / Stalowa,11
27,135689894,57127,2022-01-11 00:42:01,2022-01-11 00:49:49,Aleja Kromera,Nowowiejska / Jedności Narodowej,8
28,135689896,650934,2022-01-11 00:42:26,2022-01-11 00:51:07,Świdnicka / Piłsudskiego (Hotel Scandic),Pereca / Grabiszyńska,9
29,135653721,650412,2022-01-10 07:10:30,2022-01-11 00:52:04,Klecińska (Wrocław Grabiszyn),Otyńska,1062
30,135689929,57647,2022-01-11 00:49:22,2022-01-11 00:53:19,Poza stacją,Kozanowska/Pałucka,4
31,135689907,651238,2022-01-11 00:44:28,2022-01-11 00:58:18,Aleja Kromera,Gorlicka/Stanety,14
32,135689934,651346,2022-01-11 00:50:17,2022-01-11 00:59:09,Powstańców Śląskich/Orla,Przyjaźni,9
33,135689954,57169,2022-01-11 00:54:41,2022-01-11 01:00:19,Dworzec Główny ,Plac Dominikański (Galeria Dominikańska),6
34,135689868,650529,2022-01-11 00:37:15,2022-01-11 01:00:29,Powstańców Śląskich/Orla,Grabiszyńska / Aleja Hallera,24
35,135690032,57771,2022-01-11 01:11:11,2022-01-11 01:17:32,Plac Grunwaldzki (DS Ołówek),Nowowiejska / Jedności Narodowej,7
36,135689984,57740,2022-01-11 01:01:09,2022-01-11 01:18:28,Bacciarellego,Partyzantów / Okrzei,18
37,135690034,57598,2022-01-11 01:11:29,2022-01-11 01:18:35,Kozanowska / Pilczycka,Pilczycka / Koszykarska,8
38,135690016,650884,2022-01-11 01:07:45,2022-01-11 01:18:39,al. Kochanowskiego / Kopernika,Nowowiejska / Jedności Narodowej,11
39,135690051,651260,2022-01-11 01:16:35,2022-01-11 01:30:13,Otyńska,Pilczycka / Kozanowska,14
40,135690120,650363,2022-01-11 01:37:03,2022-01-11 01:42:26,.RELOKACYJNA,Kozanowska / Pilczycka,6
41,135690099,651361,2022-01-11 01:29:05,2022-01-11 01:46:24,Drobnera / Plac Bema,Hubska / Prudnicka,18
42,135690095,651222,2022-01-11 01:27:38,2022-01-11 01:56:47,Centrum Handlowe Auchan Bielany,Poza stacją,30
43,135671061,650431,2022-01-10 15:19:45,2022-01-11 01:58:49,Legnicka (Park Magnolia),Sienkiewicza / Wyszyńskiego,640
44,135690206,650684,2022-01-11 02:00:57,2022-01-11 02:10:36,Szewska / Kazimierza Wielkiego ,Walońska (Angel Poland Group),10
45,135690230,650559,2022-01-11 02:13:52,2022-01-11 02:23:00,Traugutta / Kościuszki,Plac Grunwaldzki / Polaka,10
46,135690225,650298,2022-01-11 02:11:46,2022-01-11 02:27:09,Fabryczna / Wagonowa,Poza stacją,16
47,135690268,650298,2022-01-11 02:27:42,2022-01-11 02:43:00,Poza stacją,Buforowa - Vivaldiego,16
48,135690334,57033,2022-01-11 03:13:09,2022-01-11 03:25:37,Komandorska / Kamienna,Nyska / Jesionowa,13
49,135666011,57195,2022-01-10 13:23:42,2022-01-11 03:25:52,Szczęśliwa (Sky Tower),Poza stacją,843
50,135690350,650692,2022-01-11 03:21:34,2022-01-11 03:26:55,al. Armii Krajowej / Tarnogajska,Gazowa / Międzyleska,6
51,135690384,651161,2022-01-11 03:38:41,2022-01-11 03:53:03,Przyjaźni / Karkonoska,Kutrzeby / Hubala,15
52,135690383,57128,2022-01-11 03:38:38,2022-01-11 03:53:07,Przyjaźni / Karkonoska,Kutrzeby / Hubala,15
53,135690396,57142,2022-01-11 03:43:28,2022-01-11 03:54:14,Pilczycka / Koszykarska,Legnicka / Wejherowska,11
54,135690367,650521,2022-01-11 03:29:38,2022-01-11 04:04:34,Opolska / Siemianowicka,"Paprotna / Obornicka, zajezdnia MPK",35
55,135690411,57060,2022-01-11 03:49:16,2022-01-11 04:07:11,Pereca / Grabiszyńska,al. Armii Krajowej / Bardzka,18
56,135690444,650743,2022-01-11 04:17:12,2022-01-11 04:18:09,Nowowiejska / Górnickiego,Nowowiejska / Górnickiego,1
57,135690432,57451,2022-01-11 04:07:17,2022-01-11 04:22:31,Plac Legionów,Plac Legionów,16
58,135690445,650730,2022-01-11 04:17:37,2022-01-11 04:26:19,Ślężna / Skierniewicka,Ślężna / Kamienna (Uniw. Ekonomiczny),9
59,135690466,57190,2022-01-11 04:31:53,2022-01-11 04:43:16,Borowska (Uniw. Szpital Kliniczny),Kamienna / Borowska (Aquapark),12
60,135690483,650437,2022-01-11 04:42:43,2022-01-11 04:47:44,Nowowiejska / Wyszyńskiego,Plac Grunwaldzki (DS Ołówek),6
61,135690486,57096,2022-01-11 04:44:31,2022-01-11 04:57:38,al. Karkonoska / Jeździecka,Grota-Roweckiego / Parafialna,14
62,135690497,650291,2022-01-11 04:49:15,2022-01-11 04:58:48,Żelazna / Pereca,Dworzec Główny ,10
63,135690508,651338,2022-01-11 04:54:27,2022-01-11 04:58:54,Przyjaźni / Karkonoska,al. Karkonoska / Jeździecka,5
64,135690510,650998,2022-01-11 04:54:54,2022-01-11 04:59:39,Karwińska / Opolska,Gazowa / Międzyleska,5
65,135690505,651475,2022-01-11 04:53:32,2022-01-11 05:01:31,Szczęśliwa (Sky Tower),Grabiszyńska / Stalowa,8
66,135690536,57893,2022-01-11 05:04:21,2022-01-11 05:05:05,Wałbrzyska - pętla tramwajowa,Wałbrzyska - pętla tramwajowa,1
67,135690520,57574,2022-01-11 04:58:24,2022-01-11 05:05:31,Grabiszyńska / Stalowa,Aleja Hallera / Mielecka,8
68,135690545,57448,2022-01-11 05:06:42,2022-01-11 05:10:35,Poza stacją,Poza stacją,4
69,135690558,57142,2022-01-11 05:09:17,2022-01-11 05:19:21,Legnicka / Wejherowska,Fabryczna / Wagonowa,11
70,135690565,650908,2022-01-11 05:11:06,2022-01-11 05:19:39,al. Karkonoska / Jeździecka,Czekoladowa / Wałbrzyska,9
71,135690584,650291,2022-01-11 05:16:27,2022-01-11 05:24:10,Dworzec Główny ,Kościuszki / Komuny Paryskiej / Zgodna,8
72,135690616,651130,2022-01-11 05:23:54,2022-01-11 05:24:55,Wyszyńskiego / Szczytnicka,Wyszyńskiego / Szczytnicka,2
73,135690605,650505,2022-01-11 05:21:33,2022-01-11 05:25:26,Zwycięska / Ołtaszyńska,al. Karkonoska / Jeździecka,4
74,135690606,651085,2022-01-11 05:22:01,2022-01-11 05:26:28,Legnicka / Młodych Techników,Legnicka / Zachodnia ,5
75,135690573,57190,2022-01-11 05:13:41,2022-01-11 05:26:51,Kamienna / Borowska (Aquapark),Bardzka (cmentarz),14
76,135690599,650908,2022-01-11 05:20:17,2022-01-11 05:27:11,Czekoladowa / Wałbrzyska,Centrum Handlowe Auchan Bielany,7
77,135690571,650290,2022-01-11 05:13:05,2022-01-11 05:28:14,Piławska,Kamienna / Borowska (Aquapark),16
78,135690601,57195,2022-01-11 05:21:17,2022-01-11 05:32:21,Poza stacją,Kościuszki / Komuny Paryskiej / Zgodna,12
79,135690624,57331,2022-01-11 05:25:33,2022-01-11 05:34:08,Kościuszki / Komuny Paryskiej / Zgodna,Dworzec Główny ,9
80,135690626,650291,2022-01-11 05:25:56,2022-01-11 05:34:21,Kościuszki / Komuny Paryskiej / Zgodna,Dworzec Główny ,9
81,135690650,57072,2022-01-11 05:30:26,2022-01-11 05:37:19,Kościuszki / Komuny Paryskiej / Zgodna,Dyrekcyjna / Borowska (Wroclavia),7
82,135690634,57190,2022-01-11 05:27:40,2022-01-11 05:38:11,Bardzka (cmentarz),Buforowa - Vivaldiego,11
83,135690707,57399,2022-01-11 05:39:17,2022-01-11 05:40:14,Rondo Reagana,Rondo Reagana,1
84,135690684,57422,2022-01-11 05:36:25,2022-01-11 05:41:13,Gliniana / Gajowa,"Dworzec Główny, południe",5
85,135690658,651471,2022-01-11 05:32:14,2022-01-11 05:41:18,Legnicka (Park Magnolia),Fabryczna / Wagonowa,10
86,135690673,57108,2022-01-11 05:34:41,2022-01-11 05:46:54,al. Armii Krajowej / Bardzka,Powstańcow Śląskich / Aleja Hallera,13
87,135690721,57399,2022-01-11 05:40:46,2022-01-11 05:48:18,Rondo Reagana,Rondo Reagana,8
88,135690750,57214,2022-01-11 05:44:25,2022-01-11 05:52:20,Pilczycka / Koszykarska,"Wrocław Stadion, stacja kolejowa",8
89,135690787,57476,2022-01-11 05:50:59,2022-01-11 05:55:30,Drobnera / Dubois,Plac Staszica,5
90,135690810,57334,2022-01-11 05:53:32,2022-01-11 05:59:33,al. Armii Krajowej / Borowska,"Dworzec Główny, południe",7
91,135690808,651388,2022-01-11 05:53:14,2022-01-11 06:00:08,Grabiszyńska / Magazynierska (Corte Verona),Żelazna / Pereca,7
92,135690790,651515,2022-01-11 05:51:09,2022-01-11 06:00:27,Legnicka (Park Magnolia),Poza stacją,10
93,135690832,57738,2022-01-11 05:56:38,2022-01-11 06:03:53,Traugutta / Kościuszki,"Dworzec Główny, południe",8
94,135690669,57621,2022-01-11 05:33:45,2022-01-11 06:04:11,Jagodzińska / Buforowa,Fabryczna / Wagonowa,31
95,135690847,57886,2022-01-11 05:58:54,2022-01-11 06:14:28,Bacciarellego / pętla autobusowa,Wróblewskiego (ZOO),16
96,135690885,650291,2022-01-11 06:06:12,2022-01-11 06:14:28,Dworzec Główny ,Traugutta / Kościuszki,9
97,135690932,57632,2022-01-11 06:14:27,2022-01-11 06:21:07,Pereca / Grabiszyńska,Świdnicka / Piłsudskiego (Hotel Scandic),7
98,135690929,650290,2022-01-11 06:13:56,2022-01-11 06:21:55,Kamienna / Borowska (Aquapark),Plac Powstańców Śląskich,8
99,135690983,651346,2022-01-11 06:19:43,2022-01-11 06:23:51,Przyjaźni,Przyjaźni / Karkonoska,5
100,135690963,57331,2022-01-11 06:17:53,2022-01-11 06:23:56,Dworzec Główny ,Plac Dominikański (Galeria Dominikańska),7
101,135690955,57738,2022-01-11 06:16:32,2022-01-11 06:24:35,"Dworzec Główny, południe",Plac Powstańców Śląskich,9
102,135691002,650455,2022-01-11 06:21:42,2022-01-11 06:26:18,Legnicka / Młodych Techników,Młodych Techników,5
103,135690989,650884,2022-01-11 06:20:41,2022-01-11 06:27:00,Nowowiejska / Jedności Narodowej,Reymonta / Kleczkowska,7
104,135690943,57108,2022-01-11 06:15:40,2022-01-11 06:30:29,Powstańcow Śląskich / Aleja Hallera,Plac Uniwersytecki (UWr),15
105,135691083,651471,2022-01-11 06:27:56,2022-01-11 06:35:18,Fabryczna / Wagonowa,Legnicka (Park Magnolia),8
106,135691058,650573,2022-01-11 06:26:01,2022-01-11 06:35:24,Grabiszyńska / Aleja Hallera,Pereca / Grabiszyńska,10
107,135691178,57572,2022-01-11 06:35:13,2022-01-11 06:35:46,Żeromskiego / Daszyńskiego,Żeromskiego / Daszyńskiego,1
108,135691121,651379,2022-01-11 06:31:10,2022-01-11 06:36:56,Kościuszki / Pułaskiego,Na Grobli (PWr - Geocentrum),6
109,135691101,650090,2022-01-11 06:29:42,2022-01-11 06:37:08,al. Armii Krajowej / Borowska,al. Armii Krajowej / Bardzka,8
110,135691107,57340,2022-01-11 06:30:00,2022-01-11 06:37:08,al. Armii Krajowej / Borowska,al. Armii Krajowej / Bardzka,8
111,135691208,57572,2022-01-11 06:36:50,2022-01-11 06:37:26,Żeromskiego / Daszyńskiego,Żeromskiego / Daszyńskiego,1
112,135691138,651499,2022-01-11 06:32:55,2022-01-11 06:40:11,3M,Kwidzyńska pętla,8
113,135691146,57305,2022-01-11 06:33:28,2022-01-11 06:40:32,Drzewieckiego / Dedala,Legnicka / Wejherowska,8
114,135691186,57766,2022-01-11 06:35:34,2022-01-11 06:41:17,Ślężna / Skierniewicka,Powstańców Śląskich/Orla,6
115,135691025,650431,2022-01-11 06:24:12,2022-01-11 06:42:38,Sienkiewicza / Wyszyńskiego,Dyrekcyjna / Borowska (Wroclavia),19
116,135691145,650906,2022-01-11 06:33:27,2022-01-11 06:43:45,Fosa Miejska ,Poza stacją,11
117,135691128,57978,2022-01-11 06:31:59,2022-01-11 06:45:20,"Grochowa / Jemiołowa,","Dworzec Główny, południe",14
118,135691307,650472,2022-01-11 06:44:03,2022-01-11 06:47:26,Sienkiewicza / Piastowska,Rondo Reagana,4
119,135691324,57744,2022-01-11 06:44:52,2022-01-11 06:49:56,Komandorska / Kamienna,Szczęśliwa (Sky Tower),6
120,135691410,651236,2022-01-11 06:50:00,2022-01-11 06:50:16,Plac Świętego Macieja / Trzebnicka,Plac Świętego Macieja / Trzebnicka,1
121,135691349,57451,2022-01-11 06:46:57,2022-01-11 06:51:40,Plac Legionów,Kazimierza Wielkiego (Helios),5
122,135691249,57798,2022-01-11 06:39:28,2022-01-11 06:52:48,Na Ostatnim Groszu,Klecińska (Wrocław Grabiszyn),14
123,135691205,57357,2022-01-11 06:36:31,2022-01-11 06:53:19,Żeromskiego / Daszyńskiego,Dyrekcyjna / Borowska (Wroclavia),17
124,135691251,57060,2022-01-11 06:39:37,2022-01-11 06:55:39,al. Armii Krajowej / Bardzka,Karwińska / Opolska,17
125,135691240,650374,2022-01-11 06:38:51,2022-01-11 06:56:00,al. Armii Krajowej / Bardzka,Karwińska / Opolska,18
126,135691439,651236,2022-01-11 06:51:16,2022-01-11 06:56:39,Plac Świętego Macieja / Trzebnicka,Reymonta / Kleczkowska,6
127,135691430,651499,2022-01-11 06:50:45,2022-01-11 06:58:32,Kwidzyńska pętla,3M,8
128,135691298,650373,2022-01-11 06:43:36,2022-01-11 06:59:07,Grabiszyńska / Magazynierska (Corte Verona),Legnicka (Park Magnolia),16
129,135691390,57978,2022-01-11 06:49:12,2022-01-11 06:59:48,"Dworzec Główny, południe",Ślężna / Aleja Wiśniowa,11
130,135691315,650730,2022-01-11 06:44:31,2022-01-11 07:00:20,Ślężna / Kamienna (Uniw. Ekonomiczny),Piławska,16
131,135690939,650892,2022-01-11 06:14:50,2022-01-11 07:00:48,Wróblewskiego (ZOO),Solskiego / al. Piastów,46
132,135691419,57963,2022-01-11 06:50:25,2022-01-11 07:00:51,Plac Strzegomski / Poznańska,Plac Dominikański (Galeria Dominikańska),11
133,135691500,650363,2022-01-11 06:54:58,2022-01-11 07:03:17,Kozanowska / Pilczycka,Legnicka (Park Magnolia),9
134,135691384,650789,2022-01-11 06:48:50,2022-01-11 07:05:48,Żelazna / Pereca,Plac Świętego Macieja / Trzebnicka,17
135,135691392,650515,2022-01-11 06:49:20,2022-01-11 07:05:50,Żelazna / Pereca,Plac Świętego Macieja / Trzebnicka,17
136,135691640,650800,2022-01-11 07:02:00,2022-01-11 07:06:20,Nowowiejska / Górnickiego,Sienkiewicza / Piastowska,5
137,135691600,650869,2022-01-11 06:59:55,2022-01-11 07:09:01,Kurkowa / Dubois,Wyszyńskiego / Szczytnicka,10
138,135691743,57738,2022-01-11 07:07:12,2022-01-11 07:09:42,Plac Powstańców Śląskich,Szczęśliwa (Sky Tower),3
139,135691649,650090,2022-01-11 07:02:32,2022-01-11 07:09:55,al. Armii Krajowej / Bardzka,al. Armii Krajowej / Borowska,8
140,135691719,57592,2022-01-11 07:05:56,2022-01-11 07:11:18,Racławicka / Rymarska,Powstańców Śląskich/Orla,6
141,135691652,57067,2022-01-11 07:02:45,2022-01-11 07:11:43,Grabiszyńska / Stalowa,Klecińska (Wrocław Grabiszyn),9
142,135691728,650009,2022-01-11 07:06:20,2022-01-11 07:14:29,Krucza / Mielecka / Stalowa,Zaporoska / Grabiszyńska,9
143,135691557,650052,2022-01-11 06:57:35,2022-01-11 07:14:41,Marca Polo (Olimpia Port),Aleja Kromera,18
144,135691830,57689,2022-01-11 07:11:52,2022-01-11 07:14:44,Semaforowa,Mościckiego (stacja kolejowa),3
145,135691717,650865,2022-01-11 07:05:54,2022-01-11 07:17:17,Grabiszyńska / Stalowa,Fabryczna / Wagonowa,12
146,135691731,650789,2022-01-11 07:06:21,2022-01-11 07:18:09,Plac Świętego Macieja / Trzebnicka,Berenta / Kasprowicza,12
147,135691693,57251,2022-01-11 07:04:59,2022-01-11 07:18:10,Klecińska (Wrocław Grabiszyn),Otyńska,14
148,135691729,650515,2022-01-11 07:06:21,2022-01-11 07:18:11,Plac Świętego Macieja / Trzebnicka,Berenta / Kasprowicza,12
149,135691690,651247,2022-01-11 07:04:50,2022-01-11 07:18:35,Popowice,Kurkowa / Dubois,14
150,135691695,650788,2022-01-11 07:05:04,2022-01-11 07:19:11,Klecińska (Wrocław Grabiszyn),Na Ostatnim Groszu,15
151,135692000,650531,2022-01-11 07:18:24,2022-01-11 07:19:13,Popowice,Popowice,1
152,135691750,650142,2022-01-11 07:07:37,2022-01-11 07:19:44,Hallera / Odkrywców,Otyńska,13
153,135691692,650759,2022-01-11 07:04:59,2022-01-11 07:20:36,Grabiszyńska / Aleja Hallera,Na Ostatnim Groszu,16
154,135692121,650531,2022-01-11 07:22:31,2022-01-11 07:23:11,Popowice,Popowice,1
155,135691522,57195,2022-01-11 06:56:11,2022-01-11 07:23:17,Kościuszki / Komuny Paryskiej / Zgodna,Jagodzińska / Buforowa,28
156,135691829,57334,2022-01-11 07:11:47,2022-01-11 07:23:25,"Dworzec Główny, południe",al. Armii Krajowej / Borowska,12
157,135691922,650290,2022-01-11 07:15:20,2022-01-11 07:24:29,Plac Powstańców Śląskich,Ślężna / Aleja Wiśniowa,10
158,135691843,57060,2022-01-11 07:12:04,2022-01-11 07:24:57,Karwińska / Opolska,Traugutta / Kościuszki,13
159,135692158,651260,2022-01-11 07:23:53,2022-01-11 07:25:05,Pilczycka / Kozanowska,Pilczycka / Kozanowska,2
160,135692046,57736,2022-01-11 07:20:09,2022-01-11 07:25:15,Racławicka / Rymarska,Powstańców Śląskich/Orla,6
161,135692211,650743,2022-01-11 07:25:12,2022-01-11 07:26:36,Nowowiejska / Górnickiego,Nowowiejska / Wyszyńskiego,2
162,135692048,57541,2022-01-11 07:20:10,2022-01-11 07:27:22,Strzegomska / Estońska,Rogowska / Zemska,8
163,135691806,57053,2022-01-11 07:10:37,2022-01-11 07:27:33,Nowowiejska / Wyszyńskiego,Fosa Miejska ,17
164,135691840,651537,2022-01-11 07:12:03,2022-01-11 07:27:34,Promenady Wrocławskie,Rondo Reagana,16
165,135692003,651486,2022-01-11 07:18:33,2022-01-11 07:28:56,Młodych Techników,Szewska / Kazimierza Wielkiego ,11
166,135691929,57795,2022-01-11 07:15:42,2022-01-11 07:29:03,Kozanowska / Pilczycka,Na Ostatnim Groszu,14
167,135692055,650192,2022-01-11 07:20:21,2022-01-11 07:29:26,Tyrmanda / Trawowa,Strzegomska / Estońska,10
168,135692050,650425,2022-01-11 07:20:12,2022-01-11 07:29:36,Na Ostatnim Groszu,Legnicka (Park Magnolia),10
169,135692081,57661,2022-01-11 07:21:02,2022-01-11 07:30:00,Plac Dominikański (Galeria Dominikańska),Norwida / Wyspiańskiego (PWr),9
170,135692108,57108,2022-01-11 07:21:59,2022-01-11 07:30:48,Plac Uniwersytecki (UWr),Kołłątaja / Podwale,9
171,135692033,650892,2022-01-11 07:19:19,2022-01-11 07:31:06,Solskiego / al. Piastów,Grabiszyńska / Magazynierska (Corte Verona),12
172,135692083,650759,2022-01-11 07:21:09,2022-01-11 07:31:06,Na Ostatnim Groszu,Pilczycka / Kozanowska,10
173,135692088,57451,2022-01-11 07:21:15,2022-01-11 07:31:17,Kazimierza Wielkiego (Helios),"Dworzec Główny, południe",11
174,135692157,651373,2022-01-11 07:23:39,2022-01-11 07:31:20,Kwidzyńska pętla,3M,8
175,135692212,651005,2022-01-11 07:25:15,2022-01-11 07:31:34,Poza stacją,Poza stacją,7
176,135692407,57441,2022-01-11 07:30:58,2022-01-11 07:32:03,Drobnera / Plac Bema,Drobnera / Plac Bema,2
177,135692220,57628,2022-01-11 07:25:33,2022-01-11 07:32:42,Pilczycka / Kozanowska,Popowice,8
178,135691964,650052,2022-01-11 07:16:53,2022-01-11 07:32:45,Aleja Kromera,Nowowiejska / Górnickiego,16
179,135692042,650594,2022-01-11 07:20:01,2022-01-11 07:32:49,"Grochowa / Jemiołowa,",Powstańców Śląskich/Orla,13
180,135692173,57422,2022-01-11 07:24:14,2022-01-11 07:34:35,"Dworzec Główny, południe",Plac Powstańców Śląskich,11
181,135692014,651492,2022-01-11 07:18:47,2022-01-11 07:34:50,Jagodzińska / Buforowa,Tarnogajska / Klimasa,17
182,135692411,650730,2022-01-11 07:31:06,2022-01-11 07:34:51,Piławska,Borowska (Uniw. Szpital Kliniczny),4
183,135692377,651142,2022-01-11 07:30:25,2022-01-11 07:35:12,Traktatowa (przystanek kolejowy),Fabryczna / Wagonowa,5
184,135692222,57060,2022-01-11 07:25:34,2022-01-11 07:35:28,Traugutta / Kościuszki,Plac Dominikański (Galeria Dominikańska),10
185,135692155,651312,2022-01-11 07:23:33,2022-01-11 07:35:44,Promenady Wrocławskie,Plac Uniwersytecki (UWr),13
186,135692375,57742,2022-01-11 07:30:22,2022-01-11 07:35:49,Traktatowa (przystanek kolejowy),Fabryczna / Wagonowa,6
187,135692294,650363,2022-01-11 07:27:51,2022-01-11 07:37:00,Legnicka (Park Magnolia),Popowice,10
188,135692380,57357,2022-01-11 07:30:28,2022-01-11 07:37:24,Dyrekcyjna / Borowska (Wroclavia),Hubska / Prudnicka,7
189,135692207,650290,2022-01-11 07:25:08,2022-01-11 07:37:32,Ślężna / Aleja Wiśniowa,Świeradowska (Ferio Gaj ),13
190,135692442,57817,2022-01-11 07:32:04,2022-01-11 07:37:45,Walońska (Angel Poland Group),Dworzec Główny ,6
191,135692439,650189,2022-01-11 07:32:00,2022-01-11 07:37:59,Przyjaźni / Karkonoska,Skarbowców / Wietrzna,6
192,135692418,57143,2022-01-11 07:31:24,2022-01-11 07:42:59,Rakowiecka,Joliot-Curie (Uwr),12
193,135692366,650618,2022-01-11 07:29:59,2022-01-11 07:45:18,Ślężna / Kamienna (Uniw. Ekonomiczny),Bardzka (cmentarz),16
194,135692726,651222,2022-01-11 07:39:56,2022-01-11 07:45:42,Poza stacją,Aleja Bielany,6
195,135692811,57053,2022-01-11 07:41:48,2022-01-11 07:46:02,Fosa Miejska ,Rynek,5
196,135692471,57766,2022-01-11 07:33:06,2022-01-11 07:46:18,Powstańców Śląskich/Orla,"Grochowa / Jemiołowa,",14
197,135692432,650892,2022-01-11 07:31:44,2022-01-11 07:46:31,Grabiszyńska / Magazynierska (Corte Verona),pl. Orląt Lwowskich,15
198,135692497,650897,2022-01-11 07:33:46,2022-01-11 07:47:56,Gorlicka/Stanety,Poza stacją,15
199,135692641,650603,2022-01-11 07:37:40,2022-01-11 07:47:59,Kamieńskiego,Bałtycka / Żmigrodzka,11
200,135692745,650052,2022-01-11 07:40:26,2022-01-11 07:48:28,Nowowiejska / Górnickiego,Łukasiewicza / Smoluchowskiego (PWr),9
201,135692341,57581,2022-01-11 07:29:11,2022-01-11 07:49:37,Borowska (Uniw. Szpital Kliniczny),Plac Powstańców Śląskich,21
202,135692648,57451,2022-01-11 07:37:47,2022-01-11 07:50:33,"Dworzec Główny, południe",Borowska (Uniw. Szpital Kliniczny),13
203,135693048,57198,2022-01-11 07:46:59,2022-01-11 07:51:07,Walońska (Angel Poland Group),Kościuszki / Komuny Paryskiej / Zgodna,5
204,135692871,57334,2022-01-11 07:43:25,2022-01-11 07:52:21,al. Armii Krajowej / Borowska,Ślężna / pętla tramwajowa,9
205,135693004,650618,2022-01-11 07:46:02,2022-01-11 07:53:16,Bardzka (cmentarz),Jagodzińska / Buforowa,8
206,135692738,650090,2022-01-11 07:40:18,2022-01-11 07:54:02,al. Armii Krajowej / Borowska,Aleja Hallera / Mielecka,14
207,135693194,57963,2022-01-11 07:49:56,2022-01-11 07:54:19,Plac Dominikański (Galeria Dominikańska),Rynek,5
208,135693074,650510,2022-01-11 07:47:39,2022-01-11 07:55:06,Plac Świętego Macieja / Trzebnicka,Wita Stwosza / Szewska,8
209,135692802,651092,2022-01-11 07:41:33,2022-01-11 07:55:11,Pilczycka / Kozanowska,Legnicka (Park Magnolia),14
210,135692930,57497,2022-01-11 07:44:33,2022-01-11 07:55:31,Fosa Miejska ,Śrubowa / Strzegomska,11
211,135692889,650800,2022-01-11 07:43:42,2022-01-11 07:55:33,Sienkiewicza / Piastowska,Traugutta / Kościuszki,12
212,135692864,57871,2022-01-11 07:43:13,2022-01-11 07:55:38,Żeromskiego / Daszyńskiego,Radeckiego / Marcinkowskiego (Uniw. Medyczny - CNIM),13
213,135692584,651312,2022-01-11 07:36:15,2022-01-11 07:55:46,Plac Uniwersytecki (UWr),Ślężna / Aleja Wiśniowa,20
214,135692854,57095,2022-01-11 07:43:02,2022-01-11 07:55:48,Żeromskiego / Daszyńskiego,Radeckiego / Marcinkowskiego (Uniw. Medyczny - CNIM),13
215,135693439,650453,2022-01-11 07:55:20,2022-01-11 07:56:46,Legnicka (Park Magnolia),Legnicka (Park Magnolia),2
216,135693399,651476,2022-01-11 07:54:09,2022-01-11 07:57:36,Kościuszki / Pułaskiego,Traugutta / Pułaskiego,4
217,135691697,57331,2022-01-11 07:05:11,2022-01-11 07:58:00,Plac Dominikański (Galeria Dominikańska),Poza stacją,53
218,135693513,57865,2022-01-11 07:57:11,2022-01-11 07:58:24,Rogowska/Sukielicka,Rogowska/Sukielicka,2
219,135692763,57519,2022-01-11 07:40:50,2022-01-11 07:58:53,Promenady Wrocławskie,Rondo Reagana,19
220,135692757,57340,2022-01-11 07:40:44,2022-01-11 07:59:00,al. Armii Krajowej / Bardzka,Hubska / Prudnicka,19
221,135693354,57451,2022-01-11 07:53:14,2022-01-11 07:59:19,Borowska (Uniw. Szpital Kliniczny),Poza stacją,7
222,135693412,650320,2022-01-11 07:54:38,2022-01-11 07:59:28,Krucza / Mielecka / Stalowa,Zaporoska / Wielka / Krucza,5
223,135693121,650431,2022-01-11 07:48:23,2022-01-11 08:00:17,Dyrekcyjna / Borowska (Wroclavia),Poza stacją,12
224,135693407,651388,2022-01-11 07:54:20,2022-01-11 08:00:49,Żelazna / Pereca,Szczęśliwa (Sky Tower),7
225,135693237,57217,2022-01-11 07:50:54,2022-01-11 08:01:04,Piławska,Jagodzińska / Buforowa,11
226,135693395,651361,2022-01-11 07:54:04,2022-01-11 08:01:24,Hubska / Prudnicka,al. Armii Krajowej / Tarnogajska,8
227,135692790,57786,2022-01-11 07:41:16,2022-01-11 08:01:55,Plac Dominikański (Galeria Dominikańska),Borowska (Uniw. Szpital Kliniczny),21
228,135692658,57357,2022-01-11 07:38:05,2022-01-11 08:01:56,Hubska / Prudnicka,Kamienna / Borowska (Aquapark),24
229,135693129,650004,2022-01-11 07:48:35,2022-01-11 08:02:25,Grota-Roweckiego/Iwaszkiewicza,al. Armii Krajowej / Borowska,14
230,135693050,57817,2022-01-11 07:47:01,2022-01-11 08:02:45,Dworzec Główny ,"Grochowa / Jemiołowa,",16
231,135693499,650743,2022-01-11 07:56:46,2022-01-11 08:02:54,Nowowiejska / Wyszyńskiego,Aleja Kromera,7
232,135693474,651002,2022-01-11 07:56:11,2022-01-11 08:03:07,Grabiszyńska / Stalowa,Grabiszyńska / Aleja Hallera,7
233,135693756,650290,2022-01-11 08:02:42,2022-01-11 08:03:13,Świeradowska (Ferio Gaj ),Świeradowska (Ferio Gaj ),1
234,135693241,651359,2022-01-11 07:51:00,2022-01-11 08:03:50,Konduktorska,Mościckiego (stacja kolejowa),13
235,135693126,650730,2022-01-11 07:48:32,2022-01-11 08:03:59,Borowska (Uniw. Szpital Kliniczny),Racławicka / Rymarska,16
236,135693754,650510,2022-01-11 08:02:41,2022-01-11 08:04:50,Wita Stwosza / Szewska,Rynek,3
237,135693061,57422,2022-01-11 07:47:21,2022-01-11 08:04:55,Plac Powstańców Śląskich,Na Grobli (PWr - Geocentrum),18
238,135693631,57140,2022-01-11 07:59:34,2022-01-11 08:05:13,Zatorska / Królewska - pętla MPK,al. Jana III Sobieskiego / stacja kolejowa,6
239,135692771,650009,2022-01-11 07:40:58,2022-01-11 08:05:35,Zaporoska / Grabiszyńska,al. Armii Krajowej / Tarnogajska,25
240,135693485,651248,2022-01-11 07:56:20,2022-01-11 08:06:23,Strachocińska / Wieśniacza,Marca Polo (Olimpia Port),11
241,135693648,57488,2022-01-11 08:00:02,2022-01-11 08:06:27,Lotnicza / Bajana,Lotnicza / Na Ostatnim Groszu,7
242,135693301,57574,2022-01-11 07:52:05,2022-01-11 08:06:34,Aleja Hallera / Mielecka,Poza stacją,15
243,135693737,57198,2022-01-11 08:02:16,2022-01-11 08:06:43,Kościuszki / Komuny Paryskiej / Zgodna,Traugutta / Kościuszki,5
244,135693464,57557,2022-01-11 07:55:46,2022-01-11 08:08:40,Zaporoska / Grabiszyńska,Piaskowa / św. Ducha,13
245,135693324,651247,2022-01-11 07:52:33,2022-01-11 08:08:56,Kurkowa / Dubois,Traugutta / Pułaskiego,17
246,135693981,57836,2022-01-11 08:09:03,2022-01-11 08:09:39,Rondo Reagana,Rondo Reagana,1
247,135693853,57067,2022-01-11 08:05:24,2022-01-11 08:11:59,Klecińska (Wrocław Grabiszyn),Klecińska / Duńska,7
248,135693519,651092,2022-01-11 07:57:16,2022-01-11 08:12:35,Legnicka (Park Magnolia),Szczęśliwa (Sky Tower),16
249,135693897,650004,2022-01-11 08:06:23,2022-01-11 08:12:48,al. Armii Krajowej / Borowska,Borowska (Uniw. Szpital Kliniczny),7
250,135694027,651494,2022-01-11 08:10:33,2022-01-11 08:13:59,Grota-Roweckiego / Parafialna,Grota-Roweckiego/Iwaszkiewicza,4
251,135693610,57903,2022-01-11 07:58:55,2022-01-11 08:14:12,Grabiszyńska / Stalowa,Ślężna / Aleja Wiśniowa,16
252,135694024,650838,2022-01-11 08:10:28,2022-01-11 08:14:32,Sienkiewicza / Wyszyńskiego,Nowowiejska / Wyszyńskiego,5
253,135694011,651085,2022-01-11 08:10:04,2022-01-11 08:15:06,Legnicka / Zachodnia ,Młodych Techników,6
254,135693931,57072,2022-01-11 08:07:21,2022-01-11 08:15:27,Dyrekcyjna / Borowska (Wroclavia),Plac Powstańców Śląskich,9
255,135693147,650142,2022-01-11 07:48:56,2022-01-11 08:15:50,Otyńska,Wyszyńskiego / Szczytnicka,27
256,135694198,57202,2022-01-11 08:14:44,2022-01-11 08:16:49,Sienkiewicza / Wyszyńskiego,Wyszyńskiego / Szczytnicka,3
257,135693970,650813,2022-01-11 08:08:38,2022-01-11 08:16:52,Świdnicka / Piłsudskiego (Hotel Scandic),Rynek,9
258,135693955,650906,2022-01-11 08:08:15,2022-01-11 08:17:07,Poza stacją,Borowska (Uniw. Szpital Kliniczny),9
259,135692827,57744,2022-01-11 07:42:10,2022-01-11 08:18:31,Szczęśliwa (Sky Tower),Szczęśliwa (Sky Tower),37
260,135693939,57519,2022-01-11 08:07:40,2022-01-11 08:19:41,Rondo Reagana,Piaskowa / św. Ducha,13
261,135693926,57574,2022-01-11 08:07:14,2022-01-11 08:20:05,Poza stacją,Wyszyńskiego / Szczytnicka,13
262,135693950,651171,2022-01-11 08:08:00,2022-01-11 08:20:21,Walońska (Angel Poland Group),Kazimierza Wielkiego (Helios),13
263,135694302,57771,2022-01-11 08:16:41,2022-01-11 08:20:33,Nowowiejska / Jedności Narodowej,Sienkiewicza / Wyszyńskiego,4
264,135693900,57569,2022-01-11 08:06:28,2022-01-11 08:20:47,Piławska,Krakowska / Leroy Merlin,15
265,135694368,57660,2022-01-11 08:18:15,2022-01-11 08:20:48,Semaforowa,Mościckiego (stacja kolejowa),3
266,135694215,650869,2022-01-11 08:15:00,2022-01-11 08:22:06,Wyszyńskiego / Szczytnicka,Wita Stwosza / Szewska,8
267,135694131,57255,2022-01-11 08:13:13,2022-01-11 08:22:24,Traktatowa (przystanek kolejowy),Śrubowa / Strzegomska,10
268,135694013,650885,2022-01-11 08:10:07,2022-01-11 08:22:33,Rondo Reagana,Piaskowa / św. Ducha,13
269,135694244,651245,2022-01-11 08:15:34,2022-01-11 08:22:58,Gliniana / Gajowa,Borowska (Uniw. Szpital Kliniczny),8
270,135694257,651069,2022-01-11 08:16:00,2022-01-11 08:23:12,Żeromskiego / Kluczborska,Piaskowa / św. Ducha,8
271,135694157,57274,2022-01-11 08:13:40,2022-01-11 08:24:32,Kościuszki / Komuny Paryskiej / Zgodna,"Dworzec Główny, południe",11
272,135694199,57903,2022-01-11 08:14:45,2022-01-11 08:24:36,Ślężna / Aleja Wiśniowa,Borowska (Uniw. Szpital Kliniczny),10
273,135694409,57202,2022-01-11 08:19:05,2022-01-11 08:24:36,Wyszyńskiego / Szczytnicka,Piaskowa / św. Ducha,6
274,135693935,57888,2022-01-11 08:07:28,2022-01-11 08:24:56,Gorlicka / Litewska,Aleja Kromera,18
275,135693875,650223,2022-01-11 08:05:51,2022-01-11 08:25:14,Świeradowska (Ferio Gaj ),Plac Powstańców Śląskich,20
276,135693606,650350,2022-01-11 07:58:51,2022-01-11 08:25:37,Rogowska/Sukielicka,Poza stacją,27
277,135694460,650592,2022-01-11 08:20:14,2022-01-11 08:25:41,Bystrzycka / Idzikowskiego,Poza stacją,6
278,135694499,651261,2022-01-11 08:21:23,2022-01-11 08:26:22,Poniatowskiego / Oleśnicka,Piaskowa / św. Ducha,5
279,135694397,651156,2022-01-11 08:18:53,2022-01-11 08:26:56,Kurkowa / Dubois,Drobnera / Plac Bema,9
280,135694405,651514,2022-01-11 08:18:59,2022-01-11 08:27:35,Kościuszki / Pułaskiego,Plac Grunwaldzki / Polaka,9
281,135694322,650556,2022-01-11 08:17:08,2022-01-11 08:29:19,Partyzantów / Okrzei,al. Kochanowskiego / Kopernika,13
282,135694645,57568,2022-01-11 08:24:59,2022-01-11 08:29:27,Osobowicka / Ostrowska,Osobowicka - pętla tramwajowa,5
283,135694353,57497,2022-01-11 08:17:56,2022-01-11 08:30:09,Śrubowa / Strzegomska,Wita Stwosza / Szewska,13
284,135694642,650885,2022-01-11 08:24:56,2022-01-11 08:31:06,Piaskowa / św. Ducha,Plac Jana Pawła II (Akademia Muzyczna),7
285,135694609,650553,2022-01-11 08:24:14,2022-01-11 08:31:51,pl. Powstańców Wielkopolskich,Wyszyńskiego / Szczytnicka,8
286,135694448,57223,2022-01-11 08:19:54,2022-01-11 08:31:56,Żeromskiego / Daszyńskiego,Rondo Reagana,13
287,135694743,57488,2022-01-11 08:27:19,2022-01-11 08:32:21,Lotnicza / Na Ostatnim Groszu,Drzewieckiego / Dedala,6
288,135694893,57673,2022-01-11 08:31:19,2022-01-11 08:34:15,Legnicka (Park Magnolia),Stacyjna (Dworzec Mikołajów),3
289,135694780,57060,2022-01-11 08:28:10,2022-01-11 08:34:17,Plac Dominikański (Galeria Dominikańska),Poza stacją,7
290,135694498,651209,2022-01-11 08:21:19,2022-01-11 08:34:43,Kamienna / Tomaszowska,Rynek,14
291,135694927,57574,2022-01-11 08:31:58,2022-01-11 08:36:15,Wyszyńskiego / Szczytnicka,Janiszewskiego (PWr),5
292,135695034,650869,2022-01-11 08:34:31,2022-01-11 08:38:36,Wita Stwosza / Szewska,Fosa Miejska ,5
293,135695087,650142,2022-01-11 08:35:59,2022-01-11 08:39:11,Wyszyńskiego / Szczytnicka,Rondo Reagana,4
294,135694106,651357,2022-01-11 08:12:35,2022-01-11 08:39:44,Ślężna / Kamienna (Uniw. Ekonomiczny),Rondo Reagana,28
295,135695277,57732,2022-01-11 08:40:12,2022-01-11 08:40:44,Kościuszki / Pułaskiego,Kościuszki / Pułaskiego,1
296,135695014,650892,2022-01-11 08:34:00,2022-01-11 08:40:54,pl. Orląt Lwowskich,Wita Stwosza / Szewska,7
297,135694894,57798,2022-01-11 08:31:20,2022-01-11 08:41:39,Klecińska (Wrocław Grabiszyn),Poza stacją,11
298,135694577,650567,2022-01-11 08:23:27,2022-01-11 08:41:53,Plac Staszica,Plac Strzegomski / Poznańska,19
299,135694169,57643,2022-01-11 08:13:58,2022-01-11 08:42:06,Strachocińska / Wieśniacza,Marca Polo (Olimpia Port),29
300,135695339,650402,2022-01-11 08:41:49,2022-01-11 08:42:30,Lotnicza / Bajana,Lotnicza / Bajana,1
301,135694697,57274,2022-01-11 08:26:07,2022-01-11 08:43:46,"Dworzec Główny, południe",Sienkiewicza / Wyszyńskiego,18
302,135694961,650500,2022-01-11 08:32:47,2022-01-11 08:46:22,Żmigrodzka / Broniewskiego,Sołtysowicka / Redycka,14
303,135695510,651156,2022-01-11 08:45:49,2022-01-11 08:46:41,Drobnera / Plac Bema,Drobnera / Plac Bema,1
304,135695066,57072,2022-01-11 08:35:25,2022-01-11 08:47:30,Plac Powstańców Śląskich,Traugutta / Pułaskiego,13
305,135695573,57441,2022-01-11 08:47:09,2022-01-11 08:47:49,Drobnera / Plac Bema,Drobnera / Plac Bema,1
306,135695238,650184,2022-01-11 08:39:30,2022-01-11 08:48:17,Lotnicza / Bajana,Legnicka (Park Magnolia),9
307,135695481,651476,2022-01-11 08:45:14,2022-01-11 08:48:53,Traugutta / Pułaskiego,Na Grobli (PWr - Geocentrum),4
308,135694901,651222,2022-01-11 08:31:31,2022-01-11 08:49:16,Aleja Bielany,Przyjaźni / Karkonoska,18
309,135695403,650151,2022-01-11 08:43:12,2022-01-11 08:49:29,Poza stacją,Wyszyńskiego / Szczytnicka,7
310,135694972,57821,2022-01-11 08:33:04,2022-01-11 08:50:49,Kamienna / Tomaszowska,Przyjaźni / Karkonoska,18
311,135695438,57672,2022-01-11 08:44:03,2022-01-11 08:51:25,Lotnicza / Bajana,Pilczycka / Kozanowska,8
312,135695567,650048,2022-01-11 08:47:02,2022-01-11 08:51:36,Strzegomska / Rogowska ,Strzegomska / Estońska,5
313,135695137,57529,2022-01-11 08:37:03,2022-01-11 08:52:26,Kraszewskiego / Trzebnicka,Szczęśliwa (Sky Tower),16
314,135695190,57108,2022-01-11 08:38:27,2022-01-11 08:54:39,Kołłątaja / Podwale,Borowska (Uniw. Szpital Kliniczny),17
315,135695517,57522,2022-01-11 08:46:02,2022-01-11 08:54:52,Legnicka / Wejherowska,Drzewieckiego / Dedala,9
316,135695714,57033,2022-01-11 08:50:20,2022-01-11 08:55:16,Nyska / Jesionowa,al. Armii Krajowej / Tarnogajska,5
317,135695824,57738,2022-01-11 08:53:06,2022-01-11 08:55:18,Szczęśliwa (Sky Tower),Plac Powstańców Śląskich,3
318,135695264,651537,2022-01-11 08:39:56,2022-01-11 08:55:26,Rondo Reagana,Promenady Wrocławskie,16
319,135695622,57903,2022-01-11 08:48:28,2022-01-11 08:57:05,Borowska (Uniw. Szpital Kliniczny),Grota-Roweckiego/Iwaszkiewicza,9
320,135695650,57817,2022-01-11 08:49:04,2022-01-11 08:57:26,"Grochowa / Jemiołowa,",Powstańców Śląskich (Arkady Wrocławskie),9
321,135695845,57526,2022-01-11 08:53:38,2022-01-11 08:59:12,Legnicka / Młodych Techników,Kazimierza Wielkiego (Helios),6
322,135695751,57821,2022-01-11 08:51:23,2022-01-11 09:00:41,Przyjaźni / Karkonoska,Czekoladowa / Wałbrzyska,10
323,135695712,651541,2022-01-11 08:50:19,2022-01-11 09:01:07,Krucza / Mielecka / Stalowa,Ślężna / Aleja Wiśniowa,11
324,135695641,651492,2022-01-11 08:48:52,2022-01-11 09:02:11,Tarnogajska / Klimasa,Dworzec Główny ,14
325,135694084,651312,2022-01-11 08:12:01,2022-01-11 09:02:17,Ślężna / Aleja Wiśniowa,Ślężna / Aleja Wiśniowa,51
326,135693827,650290,2022-01-11 08:04:34,2022-01-11 09:02:21,Świeradowska (Ferio Gaj ),Świeradowska (Ferio Gaj ),58
327,135695701,57843,2022-01-11 08:50:07,2022-01-11 09:05:06,Żeromskiego / Daszyńskiego,Traugutta / Pułaskiego,15
328,135696239,57574,2022-01-11 09:04:05,2022-01-11 09:05:43,Janiszewskiego (PWr),Rondo Reagana,2
329,135695735,650246,2022-01-11 08:50:54,2022-01-11 09:06:39,Solskiego / al. Piastów,Klecińska / Duńska,16
330,135695793,57783,2022-01-11 08:52:20,2022-01-11 09:07:50,Mińska / Stanisławowska,Grabiszyńska / Aleja Hallera,16
331,135696176,650198,2022-01-11 09:02:36,2022-01-11 09:09:20,Szewska / Kazimierza Wielkiego ,Poza stacją,7
332,135696143,651541,2022-01-11 09:01:41,2022-01-11 09:10:21,Ślężna / Aleja Wiśniowa,Borowska (Uniw. Szpital Kliniczny),9
333,135696252,57749,2022-01-11 09:04:23,2022-01-11 09:10:39,pl. Orląt Lwowskich,Powstańców Śląskich (Arkady Wrocławskie),7
334,135696379,650800,2022-01-11 09:08:01,2022-01-11 09:11:44,Traugutta / Kościuszki,Rakowiecka,4
335,135696104,57996,2022-01-11 09:00:38,2022-01-11 09:12:35,Hermanowska / Kołobrzeska,Lotnicza / Na Ostatnim Groszu,12
336,135695989,650553,2022-01-11 08:57:24,2022-01-11 09:12:40,Wyszyńskiego / Szczytnicka,Fosa Miejska ,16
337,135696135,57194,2022-01-11 09:01:31,2022-01-11 09:14:02,Gliniana / Gajowa,Borowska (Uniw. Szpital Kliniczny),13
338,135696462,57357,2022-01-11 09:10:22,2022-01-11 09:14:45,Kamienna / Borowska (Aquapark),Komandorska / Sanocka,5
339,135696577,650267,2022-01-11 09:14:07,2022-01-11 09:15:00,Komandorska / Sanocka,Komandorska / Sanocka,1
340,135696147,650884,2022-01-11 09:01:46,2022-01-11 09:16:28,Reymonta / Kleczkowska,Plac Legionów,15
341,135696423,651514,2022-01-11 09:09:22,2022-01-11 09:18:24,Plac Grunwaldzki / Polaka,Plac Uniwersytecki (UWr),10
342,135696558,650198,2022-01-11 09:13:25,2022-01-11 09:19:38,Poza stacją,Szewska / Kazimierza Wielkiego ,7
343,135696604,57357,2022-01-11 09:15:07,2022-01-11 09:20:20,Komandorska / Sanocka,Plac Powstańców Śląskich,6
344,135696605,57448,2022-01-11 09:15:12,2022-01-11 09:20:29,Poza stacją,Poza stacją,6
345,135696334,651254,2022-01-11 09:06:36,2022-01-11 09:21:53,Zwycięska / Ołtaszyńska,Centrum Handlowe Auchan Bielany,16
346,135696388,57738,2022-01-11 09:08:20,2022-01-11 09:22:37,Plac Powstańców Śląskich,Plac Uniwersytecki (UWr),15
347,135696616,57274,2022-01-11 09:15:34,2022-01-11 09:24:03,Sienkiewicza / Wyszyńskiego,Poniatowskiego / Oleśnicka,9
348,135696687,650592,2022-01-11 09:18:13,2022-01-11 09:24:28,Poza stacją,Pilczycka / Kozanowska,7
349,135696452,650983,2022-01-11 09:10:09,2022-01-11 09:25:19,Zaporoska / Grabiszyńska,Gliniana / Gajowa,16
350,135696692,650743,2022-01-11 09:18:27,2022-01-11 09:26:10,Aleja Kromera,Nowowiejska / Wyszyńskiego,8
351,135696700,57749,2022-01-11 09:18:39,2022-01-11 09:26:42,Powstańców Śląskich (Arkady Wrocławskie),Plac Uniwersytecki (UWr),9
352,135696475,57488,2022-01-11 09:10:51,2022-01-11 09:28:01,Drzewieckiego / Dedala,Śrubowa / Strzegomska,18
353,135696821,57399,2022-01-11 09:22:57,2022-01-11 09:28:26,Rondo Reagana,Na Grobli (PWr - Geocentrum),6
354,135696645,651236,2022-01-11 09:16:50,2022-01-11 09:30:00,Reymonta / Kleczkowska,Wita Stwosza / Szewska,14
355,135696915,651357,2022-01-11 09:25:57,2022-01-11 09:30:45,Rondo Reagana,Radeckiego / Marcinkowskiego (Uniw. Medyczny - CNIM),5
356,135696759,57171,2022-01-11 09:20:24,2022-01-11 09:30:56,Pereca / Grabiszyńska,Dworzec Główny ,11
357,135696647,57330,2022-01-11 09:16:53,2022-01-11 09:32:18,Legnicka / Wejherowska,Strzegomska / Estońska,16
358,135696910,57738,2022-01-11 09:25:49,2022-01-11 09:33:49,Plac Uniwersytecki (UWr),Kraszewskiego / Trzebnicka,8
359,135697059,650151,2022-01-11 09:30:42,2022-01-11 09:35:40,Wyszyńskiego / Szczytnicka,Plac Dominikański (Galeria Dominikańska),5
360,135697105,651211,2022-01-11 09:32:02,2022-01-11 09:35:40,Zachodnia / Poznańska,Stacyjna (Dworzec Mikołajów),4
361,135696942,57274,2022-01-11 09:26:51,2022-01-11 09:37:37,Poniatowskiego / Oleśnicka,Żmigrodzka / Broniewskiego,11
362,135696589,650320,2022-01-11 09:14:25,2022-01-11 09:39:24,Zaporoska / Wielka / Krucza,Żmigrodzka / Broniewskiego,25
363,135697106,651388,2022-01-11 09:32:03,2022-01-11 09:42:57,Szczęśliwa (Sky Tower),pl. Orląt Lwowskich,11
364,135697188,57673,2022-01-11 09:34:32,2022-01-11 09:44:20,Stacyjna (Dworzec Mikołajów),Legnicka / Wejherowska,10
365,135697513,651156,2022-01-11 09:44:06,2022-01-11 09:44:41,Drobnera / Plac Bema,Drobnera / Plac Bema,1
366,135696989,57255,2022-01-11 09:28:23,2022-01-11 09:44:42,Śrubowa / Strzegomska,Kołłątaja / Podwale,17
367,135697347,651019,2022-01-11 09:39:27,2022-01-11 09:45:55,Walońska (Angel Poland Group),"Dworzec Główny, południe",7
368,135697464,57507,2022-01-11 09:42:39,2022-01-11 09:46:33,Legnicka / Zachodnia ,Zachodnia / Poznańska,4
369,135697275,57581,2022-01-11 09:36:55,2022-01-11 09:46:35,Plac Powstańców Śląskich,Aleja Hallera / Mielecka,10
370,135697117,57340,2022-01-11 09:32:25,2022-01-11 09:47:02,Hubska / Prudnicka,Gazowa / Międzyleska,15
371,135697410,57357,2022-01-11 09:41:13,2022-01-11 09:47:37,Plac Powstańców Śląskich,Poza stacją,7
372,135697381,651301,2022-01-11 09:40:15,2022-01-11 09:48:04,Ślężna / Kamienna (Uniw. Ekonomiczny),"Dworzec Główny, południe",8
373,135697523,57127,2022-01-11 09:44:24,2022-01-11 09:48:19,Nowowiejska / Jedności Narodowej,Promenady Wrocławskie,4
374,135697201,57632,2022-01-11 09:34:58,2022-01-11 09:50:23,Świdnicka / Piłsudskiego (Hotel Scandic),Norwida / Wyspiańskiego (PWr),16
375,135696725,57497,2022-01-11 09:19:37,2022-01-11 09:50:37,Wita Stwosza / Szewska,Poza stacją,31
376,135697386,57696,2022-01-11 09:40:23,2022-01-11 09:51:49,Szewska / Kazimierza Wielkiego ,Plac Uniwersytecki (UWr),12
377,135697644,57154,2022-01-11 09:48:33,2022-01-11 09:53:01,Nyska / Jesionowa,Nyska / Jesionowa,5
378,135697763,57931,2022-01-11 09:51:27,2022-01-11 09:53:33,Sienkiewicza / Piastowska,Rondo Reagana,3
379,135697465,57836,2022-01-11 09:42:45,2022-01-11 09:57:10,Rondo Reagana,Promenady Wrocławskie,15
380,135697627,57171,2022-01-11 09:48:00,2022-01-11 09:58:18,Dworzec Główny ,Janiszewskiego (PWr),11
381,135697748,57632,2022-01-11 09:51:07,2022-01-11 09:58:45,Norwida / Wyspiańskiego (PWr),Wróblewskiego (Teki),8
382,135697741,650869,2022-01-11 09:50:58,2022-01-11 09:58:46,Fosa Miejska ,Plac Świętego Macieja / Trzebnicka,8
383,135697707,57738,2022-01-11 09:50:23,2022-01-11 09:59:16,Kraszewskiego / Trzebnicka,Kurkowa / Dubois,9
384,135697662,651247,2022-01-11 09:49:01,2022-01-11 09:59:49,Traugutta / Pułaskiego,Drobnera / Dubois,11
385,135697956,57507,2022-01-11 09:56:52,2022-01-11 10:01:19,Zachodnia / Poznańska,Młodych Techników,5
386,135697930,651388,2022-01-11 09:55:54,2022-01-11 10:03:38,pl. Orląt Lwowskich,Fosa Miejska ,8
387,135697594,650406,2022-01-11 09:47:03,2022-01-11 10:05:11,Zachodnia / Poznańska,Bałtycka / Żmigrodzka,19
388,135698133,650743,2022-01-11 10:02:29,2022-01-11 10:05:47,Nowowiejska / Wyszyńskiego,Żeromskiego / Daszyńskiego,4
389,135697873,651301,2022-01-11 09:54:06,2022-01-11 10:06:55,"Dworzec Główny, południe",Plac Świętego Macieja / Trzebnicka,13
390,135698045,651019,2022-01-11 09:59:31,2022-01-11 10:07:41,"Dworzec Główny, południe",Traugutta / Pułaskiego,9
391,135697894,57269,2022-01-11 09:54:45,2022-01-11 10:08:35,Sienkiewicza / Piastowska,Rakowiecka,14
392,135698180,57742,2022-01-11 10:03:58,2022-01-11 10:10:26,Fabryczna / Wagonowa,Legnicka (Park Magnolia),7
393,135698214,651182,2022-01-11 10:05:06,2022-01-11 10:12:10,Ślężna / Kamienna (Uniw. Ekonomiczny),"Dworzec Główny, południe",8
394,135698281,57888,2022-01-11 10:08:09,2022-01-11 10:13:21,Aleja Kromera,Koszarowa / UWr,6
395,135697876,650801,2022-01-11 09:54:09,2022-01-11 10:13:24,Grota-Roweckiego / Parafialna,Dyrekcyjna / Borowska (Wroclavia),20
396,135698254,651498,2022-01-11 10:06:50,2022-01-11 10:14:49,Wróblewskiego (Teki),Rondo Reagana,8
397,135698253,650860,2022-01-11 10:06:50,2022-01-11 10:15:10,Walońska (Angel Poland Group),Piaskowa / św. Ducha,9
398,135698128,57574,2022-01-11 10:02:16,2022-01-11 10:15:43,Rondo Reagana,Rynek,14
399,135698162,651492,2022-01-11 10:03:24,2022-01-11 10:16:26,Dworzec Główny ,Joliot-Curie (Uwr),14
400,135698025,650223,2022-01-11 09:59:07,2022-01-11 10:17:09,Plac Powstańców Śląskich,Piaskowa / św. Ducha,19
401,135698342,651209,2022-01-11 10:10:15,2022-01-11 10:17:25,Rynek,Powstańców Śląskich (Arkady Wrocławskie),8
402,135698202,57305,2022-01-11 10:04:37,2022-01-11 10:17:35,Legnicka / Wejherowska,Plac Jana Pawła II (Akademia Muzyczna),13
403,135698624,57164,2022-01-11 10:20:44,2022-01-11 10:22:57,Kamienna / Borowska (Aquapark),Kamienna / Tomaszowska,3
404,135698248,650714,2022-01-11 10:06:35,2022-01-11 10:23:12,Gorlicka / Litewska,al. Brücknera / Kwidzyńska,17
405,135698354,651301,2022-01-11 10:10:43,2022-01-11 10:23:26,Plac Świętego Macieja / Trzebnicka,Dworzec Główny ,13
406,135698378,651514,2022-01-11 10:11:45,2022-01-11 10:23:46,Plac Uniwersytecki (UWr),Legnicka (Park Magnolia),13
407,135698508,651358,2022-01-11 10:16:46,2022-01-11 10:23:55,Krucza / Mielecka / Stalowa,Poza stacją,8
408,135698364,650866,2022-01-11 10:11:08,2022-01-11 10:26:48,Solskiego / al. Piastów,Grabiszyńska / Aleja Hallera,16
409,135698456,57931,2022-01-11 10:14:44,2022-01-11 10:27:03,Rondo Reagana,Traugutta / Pułaskiego,13
410,135698739,651301,2022-01-11 10:24:55,2022-01-11 10:29:28,Dworzec Główny ,Powstańców Śląskich (Arkady Wrocławskie),5
411,135698780,57251,2022-01-11 10:27:06,2022-01-11 10:30:01,Otyńska,Fabryczna / Wagonowa,3
412,135698401,650291,2022-01-11 10:12:31,2022-01-11 10:31:15,Traugutta / Kościuszki,al. Armii Krajowej / Bardzka,19
413,135698693,57255,2022-01-11 10:23:09,2022-01-11 10:31:34,Kołłątaja / Podwale,Kazimierza Wielkiego (Helios),9
414,135698763,651182,2022-01-11 10:26:02,2022-01-11 10:31:53,"Dworzec Główny, południe",Kościuszki / Komuny Paryskiej / Zgodna,6
415,135698744,650869,2022-01-11 10:25:21,2022-01-11 10:34:34,Plac Świętego Macieja / Trzebnicka,Plac Jana Pawła II (Akademia Muzyczna),10
416,135698824,651358,2022-01-11 10:28:53,2022-01-11 10:37:06,Poza stacją,Aleja Hallera / Mielecka,9
417,135698947,57294,2022-01-11 10:34:08,2022-01-11 10:38:04,Drzewieckiego / Dedala,Lotnicza / Na Ostatnim Groszu,4
418,135698738,650714,2022-01-11 10:24:54,2022-01-11 10:38:44,al. Brücknera / Kwidzyńska,Sienkiewicza / Wyszyńskiego,14
419,135698825,650573,2022-01-11 10:28:57,2022-01-11 10:39:12,Pereca / Grabiszyńska,Dworzec Główny ,11
420,135698687,650074,2022-01-11 10:22:55,2022-01-11 10:39:16,Żmigrodzka / Broniewskiego,Fosa Miejska ,17
421,135699090,57138,2022-01-11 10:39:47,2022-01-11 10:42:32,Świdnicka / Piłsudskiego (Hotel Scandic),Plac Legionów,3
422,135698808,57127,2022-01-11 10:27:56,2022-01-11 10:43:20,Promenady Wrocławskie,Kamieńskiego / Jutrosińska,16
423,135698785,57836,2022-01-11 10:27:16,2022-01-11 10:43:48,Promenady Wrocławskie,Żeromskiego / Daszyńskiego,17
424,135699214,57399,2022-01-11 10:44:29,2022-01-11 10:45:58,Na Grobli (PWr - Geocentrum),Na Grobli (PWr - Geocentrum),2
425,135699038,57809,2022-01-11 10:37:58,2022-01-11 10:46:05,Buforowa - Vivaldiego,Konduktorska,9
426,135699191,57567,2022-01-11 10:43:36,2022-01-11 10:46:25,Strzegomska / Rogowska ,Graniczna / Strzegomska,3
427,135699117,650717,2022-01-11 10:40:52,2022-01-11 10:46:34,Drobnera / Dubois,Wita Stwosza / Szewska,6
428,135698978,57744,2022-01-11 10:35:26,2022-01-11 10:46:52,Szczęśliwa (Sky Tower),Kamienna / Tomaszowska,12
429,135699242,650267,2022-01-11 10:45:59,2022-01-11 10:47:33,Komandorska / Sanocka,Komandorska / Sanocka,2
430,135698987,650906,2022-01-11 10:35:51,2022-01-11 10:47:44,Borowska (Uniw. Szpital Kliniczny),Plac Powstańców Śląskich,12
431,135699023,57581,2022-01-11 10:37:18,2022-01-11 10:48:51,Aleja Hallera / Mielecka,Klecińska (Wrocław Grabiszyn),12
432,135699323,57116,2022-01-11 10:49:04,2022-01-11 10:50:27,Klecińska (Wrocław Grabiszyn),Klecińska (Wrocław Grabiszyn),2
433,135699087,650573,2022-01-11 10:39:44,2022-01-11 10:50:29,Dworzec Główny ,Krakowska / Leroy Merlin,11
434,135699361,650813,2022-01-11 10:50:30,2022-01-11 10:50:58,Rynek,Rynek,1
435,135699014,650029,2022-01-11 10:36:58,2022-01-11 10:51:26,Partyzantów / Okrzei,Nowowiejska / Górnickiego,15
436,135699080,651254,2022-01-11 10:39:32,2022-01-11 10:55:18,Centrum Handlowe Auchan Bielany,Skarbowców / Wietrzna,16
437,135699204,650743,2022-01-11 10:44:07,2022-01-11 10:56:49,Żeromskiego / Daszyńskiego,Promenady Wrocławskie,13
438,135699305,57821,2022-01-11 10:48:33,2022-01-11 10:57:19,Czekoladowa / Wałbrzyska,Centrum Handlowe Auchan Bielany,9
439,135699457,57294,2022-01-11 10:53:56,2022-01-11 10:57:59,Lotnicza / Na Ostatnim Groszu,Drzewieckiego / Dedala,5
440,135698951,57736,2022-01-11 10:34:14,2022-01-11 11:00:01,Powstańców Śląskich/Orla,Aleja Bielany,26
441,135699540,650363,2022-01-11 10:57:09,2022-01-11 11:00:32,Popowice,Poza stacją,4
442,135699614,651301,2022-01-11 11:00:13,2022-01-11 11:02:59,Powstańców Śląskich (Arkady Wrocławskie),Dworzec Główny ,3
443,135699386,57053,2022-01-11 10:51:14,2022-01-11 11:03:02,Rynek,Plac Staszica,12
444,135698875,651211,2022-01-11 10:30:49,2022-01-11 11:03:53,Stacyjna (Dworzec Mikołajów),Stacyjna (Dworzec Mikołajów),34
445,135699573,650884,2022-01-11 10:58:04,2022-01-11 11:04:30,Plac Legionów,Rynek,7
446,135698807,57195,2022-01-11 10:27:54,2022-01-11 11:05:12,Poza stacją,Fosa Miejska ,38
447,135699719,57817,2022-01-11 11:04:17,2022-01-11 11:05:18,Powstańców Śląskich (Arkady Wrocławskie),Powstańców Śląskich (Arkady Wrocławskie),2
448,135699306,57738,2022-01-11 10:48:33,2022-01-11 11:05:51,Kurkowa / Dubois,Powstańców Śląskich (Arkady Wrocławskie),18
449,135699377,57581,2022-01-11 10:51:02,2022-01-11 11:06:04,Klecińska (Wrocław Grabiszyn),Drzewieckiego / Dedala,16
450,135699436,650689,2022-01-11 10:53:15,2022-01-11 11:06:43,"Grochowa / Jemiołowa,",Fosa Miejska ,14
451,135699726,651209,2022-01-11 11:04:34,2022-01-11 11:07:35,Powstańców Śląskich (Arkady Wrocławskie),Powstańców Śląskich (Arkady Wrocławskie),4
452,135699570,57320,2022-01-11 10:57:58,2022-01-11 11:07:40,Dworzec Główny ,Plac Uniwersytecki (UWr),10
453,135699537,650880,2022-01-11 10:57:02,2022-01-11 11:09:26,Centrum Handlowe Auchan Bielany,Wałbrzyska - pętla tramwajowa,13
454,135699521,57451,2022-01-11 10:56:28,2022-01-11 11:09:43,Poza stacją,Plac Dominikański (Galeria Dominikańska),14
455,135699442,651261,2022-01-11 10:53:25,2022-01-11 11:10:57,Piaskowa / św. Ducha,Zaporoska / Gajowicka,18
456,135699709,57766,2022-01-11 11:03:59,2022-01-11 11:12:06,"Grochowa / Jemiołowa,",Grabiszyńska / Aleja Hallera,9
457,135699623,651541,2022-01-11 11:00:31,2022-01-11 11:13:00,Borowska (Uniw. Szpital Kliniczny),Poza stacją,13
458,135699838,650906,2022-01-11 11:08:17,2022-01-11 11:17:01,Plac Powstańców Śląskich,Ślężna / Aleja Wiśniowa,9
459,135699836,57738,2022-01-11 11:08:12,2022-01-11 11:17:51,Powstańców Śląskich (Arkady Wrocławskie),Rynek,10
460,135699840,57817,2022-01-11 11:08:28,2022-01-11 11:18:11,Powstańców Śląskich (Arkady Wrocławskie),Rynek,10
461,135698629,57845,2022-01-11 10:20:58,2022-01-11 11:19:41,Jedności Narodowej / Wyszyńskiego,Rondo Reagana,59
462,135699764,57767,2022-01-11 11:05:49,2022-01-11 11:20:00,Plac Grunwaldzki / Polaka,"Dworzec Główny, południe",15
463,135699750,57623,2022-01-11 11:05:25,2022-01-11 11:20:12,"Grochowa / Jemiołowa,",Racławicka / Rymarska,15
464,135699691,57339,2022-01-11 11:03:26,2022-01-11 11:20:13,pl. Orląt Lwowskich,Plac Dominikański (Galeria Dominikańska),17
465,135700076,650637,2022-01-11 11:17:39,2022-01-11 11:20:30,Szewska / Kazimierza Wielkiego ,Plac Uniwersytecki (UWr),3
466,135700054,650074,2022-01-11 11:16:36,2022-01-11 11:21:38,Fosa Miejska ,pl. Orląt Lwowskich,6
467,135700069,651464,2022-01-11 11:17:24,2022-01-11 11:21:47,Wróblewskiego (Teki),Wróblewskiego (ZOO),5
468,135699827,650250,2022-01-11 11:07:50,2022-01-11 11:23:45,al. Kochanowskiego / Kopernika,Traugutta / Kościuszki,16
469,135699853,651092,2022-01-11 11:09:18,2022-01-11 11:24:54,Szczęśliwa (Sky Tower),Wyszyńskiego / Szczytnicka,16
470,135700118,650556,2022-01-11 11:19:29,2022-01-11 11:25:24,al. Kochanowskiego / Kopernika,Plac Grunwaldzki / Polaka,6
471,135700057,57321,2022-01-11 11:16:40,2022-01-11 11:25:33,Kamieńskiego,Żmigrodzka / Marino,9
472,135699945,57592,2022-01-11 11:12:24,2022-01-11 11:26:07,Powstańców Śląskich/Orla,"Dworzec Główny, południe",14
473,135699975,650251,2022-01-11 11:13:25,2022-01-11 11:26:14,Kościuszki / Pułaskiego,Kazimierza Wielkiego (Helios),13
474,135700178,651532,2022-01-11 11:22:17,2022-01-11 11:26:47,Waniliowa / Cynamonowa,Waniliowa / Cynamonowa,5
475,135700107,650573,2022-01-11 11:18:57,2022-01-11 11:27:34,Krakowska / Leroy Merlin,Kościuszki / Komuny Paryskiej / Zgodna,9
476,135699846,57978,2022-01-11 11:08:56,2022-01-11 11:28:13,Ślężna / Aleja Wiśniowa,Karwińska / Opolska,20
477,135700390,57053,2022-01-11 11:29:11,2022-01-11 11:31:32,Plac Staszica,Reymonta / Kleczkowska,3
478,135699789,651301,2022-01-11 11:06:39,2022-01-11 11:32:21,Dworzec Główny ,Nowowiejska / Jedności Narodowej,26
479,135700260,57108,2022-01-11 11:25:14,2022-01-11 11:35:01,Borowska (Uniw. Szpital Kliniczny),Dyrekcyjna / Borowska (Wroclavia),10
480,135700440,57996,2022-01-11 11:30:54,2022-01-11 11:35:27,Lotnicza / Na Ostatnim Groszu,Lotnicza / Bajana,5
481,135700553,650896,2022-01-11 11:33:47,2022-01-11 11:36:10,Sienkiewicza / Wyszyńskiego,Wyszyńskiego / Szczytnicka,3
482,135700545,651247,2022-01-11 11:33:31,2022-01-11 11:38:18,Drobnera / Dubois,Rynek,5
483,135700110,57632,2022-01-11 11:19:03,2022-01-11 11:39:00,Wróblewskiego (Teki),Drobnera / Plac Bema,20
484,135700249,651245,2022-01-11 11:24:42,2022-01-11 11:39:23,Borowska (Uniw. Szpital Kliniczny),Aleja Hallera / Mielecka,15
485,135700331,57767,2022-01-11 11:27:22,2022-01-11 11:41:06,"Dworzec Główny, południe",Ślężna / Kamienna (Uniw. Ekonomiczny),14
486,135700550,650556,2022-01-11 11:33:42,2022-01-11 11:42:59,Plac Grunwaldzki / Polaka,Kościuszki / Pułaskiego,10
487,135700087,57751,2022-01-11 11:18:01,2022-01-11 11:43:03,Strachocińska / Wieśniacza,Krzywoustego - Rynek Psie Pole,26
488,135700561,650250,2022-01-11 11:34:01,2022-01-11 11:43:33,Traugutta / Kościuszki,Rakowiecka,10
489,135700487,651514,2022-01-11 11:31:53,2022-01-11 11:43:46,Legnicka (Park Magnolia),Pilczycka / Kozanowska,12
490,135700749,57632,2022-01-11 11:40:07,2022-01-11 11:45:37,Drobnera / Plac Bema,Drobnera / Dubois,6
491,135700744,651245,2022-01-11 11:39:58,2022-01-11 11:45:55,Aleja Hallera / Mielecka,Grabiszyńska / Stalowa,6
492,135700802,57422,2022-01-11 11:41:44,2022-01-11 11:46:37,Na Grobli (PWr - Geocentrum),Kościuszki / Pułaskiego,5
493,135700942,651156,2022-01-11 11:46:05,2022-01-11 11:46:38,Drobnera / Plac Bema,Drobnera / Plac Bema,1
494,135700636,651338,2022-01-11 11:36:24,2022-01-11 11:46:41,al. Karkonoska / Jeździecka,Powstańców Śląskich/Orla,11
495,135700788,651092,2022-01-11 11:41:21,2022-01-11 11:47:06,Wyszyńskiego / Szczytnicka,Wyszyńskiego / Szczytnicka,6
496,135700620,651308,2022-01-11 11:35:51,2022-01-11 11:47:45,Zaporoska / Grabiszyńska,Drobnera / Dubois,12
497,135700770,57138,2022-01-11 11:40:41,2022-01-11 11:49:27,Plac Legionów,Dworzec Główny ,9
498,135700808,650567,2022-01-11 11:41:51,2022-01-11 11:50:08,Plac Strzegomski / Poznańska,Kazimierza Wielkiego (Helios),9
499,135700833,57154,2022-01-11 11:42:39,2022-01-11 11:50:16,Nyska / Jesionowa,Kamienna / Borowska (Aquapark),8
500,135701073,57476,2022-01-11 11:49:41,2022-01-11 11:50:26,Plac Staszica,Plac Staszica,1
501,135700741,651230,2022-01-11 11:39:49,2022-01-11 11:50:37,Kamieńskiego,Żmigrodzka / Broniewskiego,11
502,135700693,651301,2022-01-11 11:38:01,2022-01-11 11:51:32,Nowowiejska / Jedności Narodowej,Plac Uniwersytecki (UWr),14
503,135700896,651247,2022-01-11 11:44:45,2022-01-11 11:52:25,Rynek,Powstańców Śląskich (Arkady Wrocławskie),8
504,135700568,650559,2022-01-11 11:34:12,2022-01-11 11:53:35,Plac Grunwaldzki / Polaka,Fosa Miejska ,20
505,135700936,57964,2022-01-11 11:45:58,2022-01-11 11:53:53,al. Armii Krajowej / Bardzka,al. Armii Krajowej / Bardzka,8
506,135700756,650868,2022-01-11 11:40:17,2022-01-11 11:53:59,Poza stacją,Poza stacją,14
507,135700523,651262,2022-01-11 11:33:00,2022-01-11 11:54:29,Zwycięska / Ołtaszyńska,Świeradowska / Krynicka,22
508,135700977,57592,2022-01-11 11:47:16,2022-01-11 11:54:34,"Dworzec Główny, południe",Kościuszki / Komuny Paryskiej / Zgodna,8
509,135700847,650290,2022-01-11 11:43:11,2022-01-11 11:54:49,Świeradowska (Ferio Gaj ),Dyrekcyjna / Borowska (Wroclavia),12
510,135701054,651209,2022-01-11 11:49:17,2022-01-11 11:55:09,Powstańców Śląskich (Arkady Wrocławskie),Dyrekcyjna / Borowska (Wroclavia),6
511,135701096,650187,2022-01-11 11:50:10,2022-01-11 11:55:21,Zaporoska / Grabiszyńska,Zaporoska / Grabiszyńska,6
512,135701160,650684,2022-01-11 11:52:01,2022-01-11 11:55:38,Walońska (Angel Poland Group),Poza stacją,4
513,135701010,57821,2022-01-11 11:48:15,2022-01-11 11:56:39,Centrum Handlowe Auchan Bielany,Czekoladowa / Wałbrzyska,9
514,135701268,57362,2022-01-11 11:55:19,2022-01-11 11:56:56,Żelazna / Pereca,Pereca / Grabiszyńska,2
515,135701256,57755,2022-01-11 11:54:48,2022-01-11 11:57:06,Żelazna / Pereca,Pereca / Grabiszyńska,3
516,135700751,650246,2022-01-11 11:40:08,2022-01-11 11:57:49,Klecińska / Duńska,Kazimierza Wielkiego (Helios),18
517,135700852,651375,2022-01-11 11:43:22,2022-01-11 11:58:08,Buforowa - Vivaldiego,Świeradowska (Ferio Gaj ),15
518,135701068,650029,2022-01-11 11:49:35,2022-01-11 11:59:10,Nowowiejska / Górnickiego,al. Kochanowskiego / Kopernika,10
519,135693918,650889,2022-01-11 08:07:00,2022-01-11 11:59:21,Zaporoska / Grabiszyńska,Wita Stwosza / Szewska,233
520,135701267,650285,2022-01-11 11:55:16,2022-01-11 12:00:27,Świeradowska / Krynicka,al. Armii Krajowej / Bardzka,6
521,135700644,650406,2022-01-11 11:36:42,2022-01-11 12:01:14,Bałtycka / Żmigrodzka,Aleja Kromera,25
522,135700838,650896,2022-01-11 11:42:51,2022-01-11 12:01:45,Wyszyńskiego / Szczytnicka,Szczęśliwa (Sky Tower),19
523,135701186,57632,2022-01-11 11:52:52,2022-01-11 12:02:09,Drobnera / Dubois,Młodych Techników,10
524,135701403,57422,2022-01-11 11:58:35,2022-01-11 12:02:53,Kościuszki / Pułaskiego,Na Grobli (PWr - Geocentrum),5
525,135701180,57749,2022-01-11 11:52:44,2022-01-11 12:02:58,Plac Uniwersytecki (UWr),Plac Grunwaldzki / Polaka,11
526,135701138,650009,2022-01-11 11:51:28,2022-01-11 12:03:03,al. Armii Krajowej / Tarnogajska,al. Armii Krajowej / Borowska,12
527,135701127,57033,2022-01-11 11:51:13,2022-01-11 12:03:04,al. Armii Krajowej / Tarnogajska,al. Armii Krajowej / Borowska,12
528,135700919,650743,2022-01-11 11:45:18,2022-01-11 12:03:20,Promenady Wrocławskie,Plac Świętego Macieja / Trzebnicka,19
529,135701307,650004,2022-01-11 11:56:18,2022-01-11 12:03:58,Borowska (Uniw. Szpital Kliniczny),Ślężna / Aleja Wiśniowa,8
530,135701233,650636,2022-01-11 11:54:20,2022-01-11 12:04:14,Plac Jana Pawła II (Akademia Muzyczna),Piaskowa / św. Ducha,10
531,135701239,57330,2022-01-11 11:54:28,2022-01-11 12:04:41,Strzegomska / Estońska,Mińska / Stanisławowska,11
532,135701360,650556,2022-01-11 11:57:33,2022-01-11 12:04:55,Kościuszki / Pułaskiego,Plac Grunwaldzki / Polaka,8
533,135701144,57274,2022-01-11 11:51:31,2022-01-11 12:04:57,Żmigrodzka / Broniewskiego,Wita Stwosza / Szewska,14
534,135701283,650689,2022-01-11 11:55:41,2022-01-11 12:05:11,Fosa Miejska ,Plac Powstańców Śląskich,10
535,135701117,57320,2022-01-11 11:51:01,2022-01-11 12:05:20,Plac Uniwersytecki (UWr),Plac Dominikański (Galeria Dominikańska),15
536,135701321,650074,2022-01-11 11:56:39,2022-01-11 12:06:24,pl. Orląt Lwowskich,Szczęśliwa (Sky Tower),10
537,135701338,650621,2022-01-11 11:57:10,2022-01-11 12:07:24,.RELOKACYJNA,Rakowiecka,11
538,135701048,650479,2022-01-11 11:49:12,2022-01-11 12:08:05,pl. Orląt Lwowskich,Kraszewskiego / Trzebnicka,19
539,135701700,650525,2022-01-11 12:06:07,2022-01-11 12:10:01,Opolska / pętla tramwajowa,Opolska / Siemianowicka,4
540,135701168,57143,2022-01-11 11:52:25,2022-01-11 12:10:11,Joliot-Curie (Uwr),Żeromskiego / Daszyńskiego,18
541,135701595,57153,2022-01-11 12:03:12,2022-01-11 12:10:30,Sienkiewicza / Wyszyńskiego,Jedności Narodowej / Wyszyńskiego,8
542,135701348,651230,2022-01-11 11:57:19,2022-01-11 12:10:47,Żmigrodzka / Broniewskiego,Wita Stwosza / Szewska,14
543,135701378,57569,2022-01-11 11:58:05,2022-01-11 12:11:05,Krakowska / Leroy Merlin,al. Armii Krajowej / Borowska,13
544,135701263,57108,2022-01-11 11:55:12,2022-01-11 12:11:26,Dyrekcyjna / Borowska (Wroclavia),Plac Jana Pawła II (Akademia Muzyczna),17
545,135702038,650479,2022-01-11 12:15:10,2022-01-11 12:15:45,Kraszewskiego / Trzebnicka,Kraszewskiego / Trzebnicka,1
546,135701424,57053,2022-01-11 11:58:54,2022-01-11 12:16:02,Reymonta / Kleczkowska,"Paprotna / Obornicka, zajezdnia MPK",18
547,135701771,57441,2022-01-11 12:08:17,2022-01-11 12:16:04,Poza stacją,Sienkiewicza / Wyszyńskiego,8
548,135701841,650142,2022-01-11 12:10:16,2022-01-11 12:17:12,Rondo Reagana,Piaskowa / św. Ducha,7
549,135701675,650559,2022-01-11 12:05:25,2022-01-11 12:17:20,Fosa Miejska ,Plac Grunwaldzki / Polaka,12
550,135701641,650004,2022-01-11 12:04:31,2022-01-11 12:18:30,Ślężna / Aleja Wiśniowa,Grabiszyńska / Stalowa,14
551,135701750,650800,2022-01-11 12:07:46,2022-01-11 12:18:52,Rakowiecka,Radeckiego / Marcinkowskiego (Uniw. Medyczny - CNIM),12
552,135701805,57171,2022-01-11 12:09:20,2022-01-11 12:19:22,Janiszewskiego (PWr),Kościuszki / Komuny Paryskiej / Zgodna,11
553,135701392,57845,2022-01-11 11:58:24,2022-01-11 12:20:28,Rondo Reagana,Młodych Techników,23
554,135701561,650801,2022-01-11 12:02:30,2022-01-11 12:20:50,Dyrekcyjna / Borowska (Wroclavia),Żeromskiego / Daszyńskiego,19
555,135701569,57632,2022-01-11 12:02:41,2022-01-11 12:21:50,Młodych Techników,Kurkowa / Dubois,20
556,135701965,650860,2022-01-11 12:13:21,2022-01-11 12:23:21,Piaskowa / św. Ducha,Rondo Reagana,10
557,135702074,651541,2022-01-11 12:16:12,2022-01-11 12:23:21,Poza stacją,Powstańców Śląskich (Arkady Wrocławskie),8
558,135701646,57169,2022-01-11 12:04:39,2022-01-11 12:24:01,Plac Dominikański (Galeria Dominikańska),Dyrekcyjna / Borowska (Wroclavia),20
559,135702400,57572,2022-01-11 12:24:18,2022-01-11 12:24:52,Stadion Olimpijski,Stadion Olimpijski,1
560,135702138,651156,2022-01-11 12:17:38,2022-01-11 12:24:59,Drobnera / Plac Bema,Plac Uniwersytecki (UWr),8
561,135702329,57632,2022-01-11 12:22:21,2022-01-11 12:25:33,Kurkowa / Dubois,Drobnera / Dubois,4
562,135702135,57255,2022-01-11 12:17:34,2022-01-11 12:29:00,Kazimierza Wielkiego (Helios),Kościuszki / Pułaskiego,12
563,135702385,57138,2022-01-11 12:24:00,2022-01-11 12:29:07,Dworzec Główny ,Poza stacją,6
564,135702040,650567,2022-01-11 12:15:13,2022-01-11 12:29:08,.RELOKACYJNA,Plac Staszica,14
565,135702458,651301,2022-01-11 12:25:40,2022-01-11 12:29:39,Plac Uniwersytecki (UWr),Szewska / Kazimierza Wielkiego ,4
566,135701994,650099,2022-01-11 12:14:00,2022-01-11 12:30:17,Jagodzińska / Buforowa,al. Armii Krajowej / Bardzka,17
567,135702010,650886,2022-01-11 12:14:33,2022-01-11 12:30:19,Jagodzińska / Buforowa,al. Armii Krajowej / Bardzka,16
568,135702473,650717,2022-01-11 12:26:11,2022-01-11 12:32:36,Wita Stwosza / Szewska,Kołłątaja / Podwale,7
569,135702104,57786,2022-01-11 12:16:51,2022-01-11 12:32:38,Borowska (Uniw. Szpital Kliniczny),Fosa Miejska ,16
570,135702262,651114,2022-01-11 12:20:39,2022-01-11 12:34:00,Oporów (pętla tramwajowa),Wałbrzyska - pętla tramwajowa,14
571,135702585,57632,2022-01-11 12:28:54,2022-01-11 12:34:28,Drobnera / Dubois,Drobnera / Dubois,6
572,135702815,651312,2022-01-11 12:35:10,2022-01-11 12:35:25,Ślężna / Aleja Wiśniowa,Ślężna / Aleja Wiśniowa,1
573,135702475,57154,2022-01-11 12:26:13,2022-01-11 12:35:40,Kamienna / Borowska (Aquapark),Nyska / Jesionowa,10
574,135702469,650636,2022-01-11 12:26:05,2022-01-11 12:36:30,Piaskowa / św. Ducha,Plac Jana Pawła II (Akademia Muzyczna),11
575,135700979,650892,2022-01-11 11:47:23,2022-01-11 12:36:58,Wita Stwosza / Szewska,Wita Stwosza / Szewska,50
576,135699469,650813,2022-01-11 10:54:28,2022-01-11 12:38:30,Rynek,Plac Legionów,105
577,135702763,57767,2022-01-11 12:33:47,2022-01-11 12:38:54,Ślężna / Kamienna (Uniw. Ekonomiczny),"Dworzec Główny, południe",6
578,135702793,650717,2022-01-11 12:34:29,2022-01-11 12:40:51,Kołłątaja / Podwale,Rynek,7
579,135702686,650573,2022-01-11 12:31:47,2022-01-11 12:41:59,Kościuszki / Komuny Paryskiej / Zgodna,Janiszewskiego (PWr),11
580,135702852,57771,2022-01-11 12:36:28,2022-01-11 12:42:37,Sienkiewicza / Wyszyńskiego,Plac Grunwaldzki (DS Ołówek),7
581,135702775,57621,2022-01-11 12:34:04,2022-01-11 12:42:47,Fabryczna / Wagonowa,pl. Orląt Lwowskich,9
582,135702807,651247,2022-01-11 12:34:53,2022-01-11 12:42:56,Powstańców Śląskich (Arkady Wrocławskie),Kamienna / Borowska (Aquapark),9
583,135702836,650906,2022-01-11 12:35:45,2022-01-11 12:43:03,Ślężna / Aleja Wiśniowa,Kamienna / Tomaszowska,8
584,135702263,650291,2022-01-11 12:20:40,2022-01-11 12:43:10,al. Armii Krajowej / Bardzka,Zwycięska / Ołtaszyńska,23
585,135702860,650735,2022-01-11 12:36:43,2022-01-11 12:43:48,al. Karkonoska / Jeździecka,Wałbrzyska - pętla tramwajowa,8
586,135702737,651142,2022-01-11 12:32:55,2022-01-11 12:43:59,Fabryczna / Wagonowa,pl. Orląt Lwowskich,12
587,135702945,57386,2022-01-11 12:38:51,2022-01-11 12:44:13,Grota-Roweckiego / Parafialna,Borowska (Uniw. Szpital Kliniczny),6
588,135702861,650547,2022-01-11 12:36:45,2022-01-11 12:44:15,Bacciarellego,Partyzantów / Okrzei,8
589,135702746,57337,2022-01-11 12:33:15,2022-01-11 12:44:21,Świeradowska / Krynicka,Krakowska / Leroy Merlin,12
590,135702866,57770,2022-01-11 12:36:52,2022-01-11 12:44:26,Boguszowska / Kosmonautów,Stabłowicka / Główna ,8
591,135702841,57673,2022-01-11 12:35:56,2022-01-11 12:44:28,Legnicka / Wejherowska,Stacyjna (Dworzec Mikołajów),9
592,135702677,57194,2022-01-11 12:31:39,2022-01-11 12:45:58,Borowska (Uniw. Szpital Kliniczny),Kamienna / Tomaszowska,15
593,135703103,651541,2022-01-11 12:42:54,2022-01-11 12:47:09,Powstańców Śląskich (Arkady Wrocławskie),Poza stacją,5
594,135702918,650290,2022-01-11 12:38:16,2022-01-11 12:49:30,Dyrekcyjna / Borowska (Wroclavia),Zaporoska / Gajowicka,12
595,135703378,651069,2022-01-11 12:48:42,2022-01-11 12:51:28,Piaskowa / św. Ducha,Drobnera / Plac Bema,3
596,135700174,650624,2022-01-11 11:22:11,2022-01-11 12:51:30,Bezpieczna / Obornicka,Bezpieczna/Jugosławiańska,90
597,135703037,651245,2022-01-11 12:41:11,2022-01-11 12:52:41,Grabiszyńska / Stalowa,Plac Jana Pawła II (Akademia Muzyczna),12
598,135703274,651499,2022-01-11 12:46:33,2022-01-11 12:52:58,3M,Kwidzyńska pętla,7
599,135703352,650041,2022-01-11 12:48:17,2022-01-11 12:54:00,Piaskowa / św. Ducha,Piaskowa / św. Ducha,6
600,135702955,650983,2022-01-11 12:39:01,2022-01-11 12:54:07,Gliniana / Gajowa,Traugutta / Kościuszki,16
601,135703340,57154,2022-01-11 12:48:01,2022-01-11 12:54:32,Nyska / Jesionowa,"Dworzec Główny, południe",7
602,135702870,650285,2022-01-11 12:36:59,2022-01-11 12:54:36,al. Armii Krajowej / Bardzka,Pereca / Grabiszyńska,18
603,135703275,57223,2022-01-11 12:46:35,2022-01-11 12:56:32,Rondo Reagana,Plac Dominikański (Galeria Dominikańska),10
604,135703639,651262,2022-01-11 12:54:08,2022-01-11 12:56:49,Świeradowska / Krynicka,Świeradowska (Ferio Gaj ),3
605,135702895,57284,2022-01-11 12:37:34,2022-01-11 12:57:09,Plac Grunwaldzki (DS Ołówek),Olszewskiego / Spółdzielcza,20
606,135703002,57767,2022-01-11 12:40:18,2022-01-11 12:57:35,"Dworzec Główny, południe",Wyszyńskiego / Szczytnicka,18
607,135702904,57632,2022-01-11 12:38:00,2022-01-11 12:58:02,Drobnera / Dubois,Kurkowa / Dubois,21
608,135703294,57320,2022-01-11 12:46:59,2022-01-11 12:58:02,Plac Dominikański (Galeria Dominikańska),Żeromskiego / Kluczborska,12
609,135703479,650409,2022-01-11 12:50:57,2022-01-11 12:59:55,Osobowicka / Ostrowska,Osobowicka - pętla tramwajowa,9
610,135703747,57033,2022-01-11 12:57:08,2022-01-11 13:00:15,al. Armii Krajowej / Borowska,Kamienna / Tomaszowska,4
611,135703348,651254,2022-01-11 12:48:12,2022-01-11 13:01:39,Skarbowców / Wietrzna,Skarbowców / Wietrzna,14
612,135703185,57596,2022-01-11 12:44:35,2022-01-11 13:02:21,Zaporoska / Grabiszyńska,Klecińska / Duńska,18
613,135703475,650385,2022-01-11 12:50:51,2022-01-11 13:02:55,Osobowicka / Ostrowska,Osobowicka - pętla tramwajowa,13
614,135703790,651209,2022-01-11 12:58:16,2022-01-11 13:03:11,Dyrekcyjna / Borowska (Wroclavia),Powstańców Śląskich (Arkady Wrocławskie),5
615,135703238,57770,2022-01-11 12:45:38,2022-01-11 13:03:21,Stabłowicka / Główna ,Kozanowska / Pilczycka,18
616,135703803,57632,2022-01-11 12:58:34,2022-01-11 13:05:19,Kurkowa / Dubois,Drobnera / Dubois,7
617,135703835,650864,2022-01-11 12:59:37,2022-01-11 13:05:52,Sienkiewicza / Wyszyńskiego,Rondo Reagana,7
618,135704110,57174,2022-01-11 13:06:02,2022-01-11 13:06:38,Miłoszycka / Swojczycka ,Miłoszycka / Swojczycka ,1
619,135703698,57195,2022-01-11 12:55:50,2022-01-11 13:06:47,Fosa Miejska ,Plac Świętego Macieja / Trzebnicka,11
620,135703708,57386,2022-01-11 12:56:05,2022-01-11 13:07:04,Borowska (Uniw. Szpital Kliniczny),Powstańcow Śląskich / Aleja Hallera,11
621,135703559,650004,2022-01-11 12:52:23,2022-01-11 13:08:38,Grabiszyńska / Stalowa,Wita Stwosza / Szewska,17
622,135704101,650525,2022-01-11 13:05:50,2022-01-11 13:09:03,Opolska / Siemianowicka,Opolska / pętla tramwajowa,4
623,135703459,57169,2022-01-11 12:50:28,2022-01-11 13:09:46,Dyrekcyjna / Borowska (Wroclavia),Ślężna / Kamienna (Uniw. Ekonomiczny),20
624,135703934,57863,2022-01-11 13:01:47,2022-01-11 13:10:48,Łukasiewicza / Smoluchowskiego (PWr),Rondo Reagana,10
625,135704323,57132,2022-01-11 13:10:28,2022-01-11 13:10:52,Klecińska / Duńska,Poza stacją,1
626,135703956,650363,2022-01-11 13:02:18,2022-01-11 13:13:12,Poza stacją,Pilczycka / Kozanowska,11
627,135704195,57569,2022-01-11 13:07:34,2022-01-11 13:13:27,al. Armii Krajowej / Borowska,al. Armii Krajowej / Bardzka,6
628,135703923,651358,2022-01-11 13:01:33,2022-01-11 13:14:12,Aleja Hallera / Mielecka,Ślężna / Kamienna (Uniw. Ekonomiczny),13
629,135704090,650860,2022-01-11 13:05:33,2022-01-11 13:15:15,Rondo Reagana,Drobnera / Dubois,10
630,135704043,651069,2022-01-11 13:04:40,2022-01-11 13:15:21,Drobnera / Plac Bema,Dworzec Główny ,11
631,135704085,651209,2022-01-11 13:05:29,2022-01-11 13:17:26,Powstańców Śląskich (Arkady Wrocławskie),"Grochowa / Jemiołowa,",12
632,135704196,650743,2022-01-11 13:07:34,2022-01-11 13:17:29,Plac Świętego Macieja / Trzebnicka,Bałtycka / Żmigrodzka,10
633,135704365,57132,2022-01-11 13:11:35,2022-01-11 13:17:42,Poza stacją,Strzegomska / Estońska,7
634,135703783,651092,2022-01-11 12:58:06,2022-01-11 13:18:15,Wyszyńskiego / Szczytnicka,al. Brücknera / Kwidzyńska,21
635,135704032,57770,2022-01-11 13:04:19,2022-01-11 13:20:42,Kozanowska / Pilczycka,"Paprotna / Obornicka, zajezdnia MPK",17
636,135704656,650187,2022-01-11 13:18:56,2022-01-11 13:20:48,Zaporoska / Grabiszyńska,Zaporoska / Grabiszyńska,2
637,135704239,57154,2022-01-11 13:08:26,2022-01-11 13:21:12,"Dworzec Główny, południe",Plac Grunwaldzki / Polaka,13
638,135704285,651211,2022-01-11 13:09:26,2022-01-11 13:21:49,Stacyjna (Dworzec Mikołajów),Na Ostatnim Groszu,13
639,135704471,651514,2022-01-11 13:14:04,2022-01-11 13:23:00,Pilczycka / Kozanowska,Legnicka / Wejherowska,9
640,135704141,651260,2022-01-11 13:06:32,2022-01-11 13:23:30,Pilczycka / Kozanowska,Otyńska,17
641,135704284,650479,2022-01-11 13:09:26,2022-01-11 13:24:31,Wita Stwosza / Szewska,Zaporoska / Gajowicka,16
642,135704840,57476,2022-01-11 13:23:48,2022-01-11 13:24:51,Plac Staszica,Plac Staszica,2
643,135704745,57749,2022-01-11 13:21:30,2022-01-11 13:25:00,Plac Grunwaldzki / Polaka,Norwida / Wyspiańskiego (PWr),4
644,135704798,57770,2022-01-11 13:22:32,2022-01-11 13:28:25,"Paprotna / Obornicka, zajezdnia MPK",Żmigrodzka / Marino,6
645,135705063,57786,2022-01-11 13:29:18,2022-01-11 13:31:21,Fosa Miejska ,Fosa Miejska ,3
646,135704277,57015,2022-01-11 13:09:19,2022-01-11 13:32:16,Żelazna / Pereca,Solskiego / al. Piastów,23
647,135705044,650535,2022-01-11 13:28:45,2022-01-11 13:32:35,Ślężna / Kamienna (Uniw. Ekonomiczny),Ślężna / Kamienna (Uniw. Ekonomiczny),4
648,135704023,57621,2022-01-11 13:04:03,2022-01-11 13:33:04,pl. Orląt Lwowskich,Żmigrodzka / Marino,30
649,135704355,650559,2022-01-11 13:11:18,2022-01-11 13:33:08,Plac Grunwaldzki / Polaka,Opolska / Siemianowicka,22
650,135704990,650363,2022-01-11 13:27:16,2022-01-11 13:33:43,Pilczycka / Kozanowska,Poza stacją,7
651,135704832,57386,2022-01-11 13:23:30,2022-01-11 13:34:01,Powstańcow Śląskich / Aleja Hallera,Fosa Miejska ,11
652,135704841,651541,2022-01-11 13:23:49,2022-01-11 13:34:01,Poza stacją,Żelazna / Pereca,11
653,135704555,650603,2022-01-11 13:16:22,2022-01-11 13:34:55,Bałtycka / Żmigrodzka,Legnicka / Zachodnia ,19
654,135704174,57632,2022-01-11 13:07:12,2022-01-11 13:37:18,Drobnera / Dubois,Drobnera / Dubois,31
655,135704851,650718,2022-01-11 13:24:00,2022-01-11 13:37:21,Koszarowa / UWr,Krzywoustego / Korona,14
656,135704899,651388,2022-01-11 13:25:05,2022-01-11 13:38:13,Fosa Miejska ,Hubska / Prudnicka,14
657,135705360,57529,2022-01-11 13:35:19,2022-01-11 13:38:37,Szczęśliwa (Sky Tower),Zaporoska / Wielka / Krucza,4
658,135704679,650009,2022-01-11 13:19:31,2022-01-11 13:38:53,al. Armii Krajowej / Borowska,Drobnera / Plac Bema,20
659,135704760,651345,2022-01-11 13:21:40,2022-01-11 13:39:18,Berenta / Kasprowicza,Rynek,18
660,135705095,57108,2022-01-11 13:29:58,2022-01-11 13:39:30,Plac Jana Pawła II (Akademia Muzyczna),Piaskowa / św. Ducha,10
661,135705192,57786,2022-01-11 13:32:08,2022-01-11 13:39:31,Fosa Miejska ,"Dworzec Główny, południe",8
662,135704949,650057,2022-01-11 13:26:07,2022-01-11 13:39:42,Aleja Bielany,Wałbrzyska - pętla tramwajowa,14
663,135704933,650652,2022-01-11 13:25:51,2022-01-11 13:39:46,Aleja Bielany,Wałbrzyska - pętla tramwajowa,14
664,135704749,650187,2022-01-11 13:21:32,2022-01-11 13:41:34,Zaporoska / Grabiszyńska,Solskiego / al. Piastów,21
665,135704904,650298,2022-01-11 13:25:09,2022-01-11 13:42:18,Buforowa - Vivaldiego,Kutrzeby / Hubala,18
666,135705246,651375,2022-01-11 13:33:16,2022-01-11 13:43:31,Świeradowska (Ferio Gaj ),Kamienna / Borowska (Aquapark),11
667,135705510,650789,2022-01-11 13:38:38,2022-01-11 13:43:47,Berenta / Kasprowicza,Aleja Kromera,6
668,135705223,650573,2022-01-11 13:32:43,2022-01-11 13:44:45,Janiszewskiego (PWr),pl. Powstańców Wielkopolskich,13
669,135696304,650609,2022-01-11 09:05:49,2022-01-11 13:47:17,Krzywoustego - Rynek Psie Pole,Kiełczowska,282
670,135705362,650211,2022-01-11 13:35:20,2022-01-11 13:47:25,Jagodzińska / Buforowa,Świeradowska (Ferio Gaj ),13
671,135705290,57305,2022-01-11 13:33:55,2022-01-11 13:48:06,Plac Jana Pawła II (Akademia Muzyczna),Traugutta / Pułaskiego,15
672,135705211,651209,2022-01-11 13:32:32,2022-01-11 13:48:57,"Grochowa / Jemiołowa,",Plac Legionów,17
673,135705767,57399,2022-01-11 13:44:18,2022-01-11 13:49:11,Na Grobli (PWr - Geocentrum),Plac Grunwaldzki / Polaka,5
674,135705607,650452,2022-01-11 13:40:48,2022-01-11 13:49:26,pl. Orląt Lwowskich,Plac Uniwersytecki (UWr),9
675,135705572,651019,2022-01-11 13:40:04,2022-01-11 13:49:31,Traugutta / Pułaskiego,Rynek,10
676,135705551,57817,2022-01-11 13:39:39,2022-01-11 13:49:51,Rynek,Żelazna / Pereca,11
677,135705658,651388,2022-01-11 13:41:53,2022-01-11 13:50:02,Hubska / Prudnicka,Bardzka (cmentarz),9
678,135705880,57274,2022-01-11 13:46:38,2022-01-11 13:54:18,Wita Stwosza / Szewska,Powstańców Śląskich (Arkady Wrocławskie),8
679,135705793,57154,2022-01-11 13:44:58,2022-01-11 13:54:20,Plac Grunwaldzki / Polaka,Traugutta / Kościuszki,10
680,135706290,650479,2022-01-11 13:55:13,2022-01-11 13:55:48,Zaporoska / Gajowicka,Zaporoska / Gajowicka,1
681,135704999,57339,2022-01-11 13:27:31,2022-01-11 13:56:07,Plac Dominikański (Galeria Dominikańska),Sołtysowicka / Redycka,29
682,135706181,650567,2022-01-11 13:52:40,2022-01-11 13:58:07,Plac Staszica,Plac Staszica,6
683,135706249,650074,2022-01-11 13:54:19,2022-01-11 13:58:10,Szczęśliwa (Sky Tower),Powstańców Śląskich (Arkady Wrocławskie),4
684,135706232,651498,2022-01-11 13:53:55,2022-01-11 13:58:14,.RELOKACYJNA,Sienkiewicza / Piastowska,5
685,135706162,650861,2022-01-11 13:52:14,2022-01-11 13:58:25,Kwidzyńska pętla,3M,7
686,135706096,651262,2022-01-11 13:50:57,2022-01-11 13:59:01,Świeradowska (Ferio Gaj ),al. Armii Krajowej / Tarnogajska,9
687,135705667,650759,2022-01-11 13:42:06,2022-01-11 13:59:21,Pilczycka / Kozanowska,Klecińska / Duńska,18
688,135706182,57386,2022-01-11 13:52:44,2022-01-11 13:59:30,Fosa Miejska ,Plac Uniwersytecki (UWr),7
689,135705867,650908,2022-01-11 13:46:17,2022-01-11 14:00:14,Centrum Handlowe Auchan Bielany,Wałbrzyska - pętla tramwajowa,14
690,135706322,57451,2022-01-11 13:56:03,2022-01-11 14:00:18,Plac Dominikański (Galeria Dominikańska),Rynek,5
691,135706410,651334,2022-01-11 13:58:19,2022-01-11 14:00:24,pl. Orląt Lwowskich,Plac Jana Pawła II (Akademia Muzyczna),3
692,135705991,650869,2022-01-11 13:49:02,2022-01-11 14:00:53,Plac Jana Pawła II (Akademia Muzyczna),Traugutta / Pułaskiego,12
693,135705839,57786,2022-01-11 13:45:38,2022-01-11 14:01:05,"Dworzec Główny, południe",Plac Dominikański (Galeria Dominikańska),16
694,135706297,650860,2022-01-11 13:55:24,2022-01-11 14:01:45,Drobnera / Dubois,Reymonta / Kleczkowska,7
695,135706003,57632,2022-01-11 13:49:10,2022-01-11 14:02:02,Drobnera / Dubois,Drobnera / Dubois,13
696,135706499,650290,2022-01-11 14:00:14,2022-01-11 14:02:59,Zaporoska / Gajowicka,"Grochowa / Jemiołowa,",3
697,135706090,650906,2022-01-11 13:50:53,2022-01-11 14:04:09,Kamienna / Tomaszowska,Świeradowska (Ferio Gaj ),14
698,135706061,57164,2022-01-11 13:50:22,2022-01-11 14:04:18,Kamienna / Tomaszowska,Świeradowska (Ferio Gaj ),14
699,135706091,651004,2022-01-11 13:50:54,2022-01-11 14:06:35,Janiszewskiego (PWr),Drobnera / Dubois,16
700,135704681,57209,2022-01-11 13:19:32,2022-01-11 14:07:01,al. Armii Krajowej / Bardzka,Świeradowska / Krynicka,48
701,135706683,651247,2022-01-11 14:03:49,2022-01-11 14:07:01,Kamienna / Borowska (Aquapark),Kamienna / Tomaszowska,4
702,135436365,650299,2022-01-02 18:49:48,2022-01-11 14:07:08,Wita Stwosza / Szewska,Wita Stwosza / Szewska,12678
703,135706793,650402,2022-01-11 14:06:29,2022-01-11 14:07:08,Legnicka / Młodych Techników,Legnicka / Młodych Techników,1
704,135706129,651245,2022-01-11 13:51:30,2022-01-11 14:07:17,Plac Jana Pawła II (Akademia Muzyczna),Rondo Reagana,16
705,135706696,651358,2022-01-11 14:04:13,2022-01-11 14:09:33,Ślężna / Kamienna (Uniw. Ekonomiczny),Powstańcow Śląskich / Aleja Hallera,6
706,135706888,57497,2022-01-11 14:08:26,2022-01-11 14:10:05,Poza stacją,Poza stacją,2
707,135706391,650889,2022-01-11 13:57:47,2022-01-11 14:10:39,Wita Stwosza / Szewska,Gliniana / Gajowa,13
708,135706440,650973,2022-01-11 13:59:00,2022-01-11 14:10:39,"Dworzec Główny, południe",Piaskowa / św. Ducha,12
709,135706482,650759,2022-01-11 13:59:53,2022-01-11 14:10:40,Klecińska / Duńska,Grabiszyńska / Magazynierska (Corte Verona),11
710,135706337,57863,2022-01-11 13:56:24,2022-01-11 14:10:56,Rondo Reagana,Wróblewskiego (Teki),15
711,135706954,651080,2022-01-11 14:09:35,2022-01-11 14:11:27,Ślężna / Kamienna (Uniw. Ekonomiczny),Dyrekcyjna / Borowska (Wroclavia),2
712,135706319,650864,2022-01-11 13:55:57,2022-01-11 14:11:28,Rondo Reagana,Wróblewskiego (Teki),16
713,135706900,57116,2022-01-11 14:08:40,2022-01-11 14:11:58,Klecińska (Wrocław Grabiszyn),Grabiszyńska / Aleja Hallera,4
714,135706383,651069,2022-01-11 13:57:34,2022-01-11 14:12:12,Dworzec Główny ,Łukasiewicza / Smoluchowskiego (PWr),15
715,135706311,57737,2022-01-11 13:55:44,2022-01-11 14:12:58,Skarbowców / Wietrzna,Kamienna / Borowska (Aquapark),18
716,135706572,57786,2022-01-11 14:01:49,2022-01-11 14:13:02,Plac Dominikański (Galeria Dominikańska),Aleja Kromera,12
717,135706303,650379,2022-01-11 13:55:29,2022-01-11 14:13:25,Kościuszki / Pułaskiego,Poza stacją,18
718,135706927,57142,2022-01-11 14:09:09,2022-01-11 14:14:12,Fabryczna / Wagonowa,Stacyjna (Dworzec Mikołajów),6
719,135706945,650535,2022-01-11 14:09:24,2022-01-11 14:15:28,Ślężna / Kamienna (Uniw. Ekonomiczny),Dyrekcyjna / Borowska (Wroclavia),7
720,135706960,650573,2022-01-11 14:09:45,2022-01-11 14:15:29,pl. Powstańców Wielkopolskich,Promenady Wrocławskie,6
721,135706480,651171,2022-01-11 13:59:51,2022-01-11 14:15:41,Kazimierza Wielkiego (Helios),Kazimierza Wielkiego (Helios),16
722,135707019,651245,2022-01-11 14:11:08,2022-01-11 14:16:05,Rondo Reagana,Nowowiejska / Górnickiego,5
723,135706464,651350,2022-01-11 13:59:20,2022-01-11 14:16:08,Zaporoska / Grabiszyńska,Stacyjna (Dworzec Mikołajów),17
724,135706721,651388,2022-01-11 14:04:51,2022-01-11 14:17:35,Bardzka (cmentarz),Semaforowa,13
725,135707140,651471,2022-01-11 14:14:14,2022-01-11 14:18:50,Legnicka (Park Magnolia),Legnicka / Zachodnia ,5
726,135707137,651318,2022-01-11 14:14:11,2022-01-11 14:19:06,Żmigrodzka / Broniewskiego,Bałtycka / Żmigrodzka,5
727,135707076,651219,2022-01-11 14:12:32,2022-01-11 14:19:19,Plac Jana Pawła II (Akademia Muzyczna),Drobnera / Dubois,7
728,135706443,651386,2022-01-11 13:59:01,2022-01-11 14:19:20,Plac Dominikański (Galeria Dominikańska),Aleja Kromera,21
729,135707014,650906,2022-01-11 14:10:59,2022-01-11 14:20:33,Świeradowska (Ferio Gaj ),Kamienna / Tomaszowska,10
730,135707311,57744,2022-01-11 14:18:04,2022-01-11 14:20:35,Kamienna / Tomaszowska,Kamienna / Borowska (Aquapark),3
731,135707174,650700,2022-01-11 14:14:54,2022-01-11 14:20:51,Fabryczna / Wagonowa,Traktatowa (przystanek kolejowy),6
732,135705722,650251,2022-01-11 13:43:12,2022-01-11 14:20:56,Kazimierza Wielkiego (Helios),Poza stacją,38
733,135706617,650567,2022-01-11 14:02:33,2022-01-11 14:22:01,Plac Staszica,pl. Powstańców Wielkopolskich,20
734,135706632,57476,2022-01-11 14:02:51,2022-01-11 14:22:06,Plac Staszica,pl. Powstańców Wielkopolskich,20
735,135707302,650699,2022-01-11 14:17:50,2022-01-11 14:22:22,Fabryczna / Wagonowa,Traktatowa (przystanek kolejowy),5
736,135706973,650896,2022-01-11 14:09:57,2022-01-11 14:22:37,Szczęśliwa (Sky Tower),Szczęśliwa (Sky Tower),13
737,135707295,651358,2022-01-11 14:17:42,2022-01-11 14:22:49,Powstańcow Śląskich / Aleja Hallera,Ślężna / Kamienna (Uniw. Ekonomiczny),6
738,135706846,650792,2022-01-11 14:07:36,2022-01-11 14:23:48,Sienkiewicza / Wyszyńskiego,Poza stacją,17
739,135707180,650029,2022-01-11 14:15:01,2022-01-11 14:23:56,al. Kochanowskiego / Kopernika,Wróblewskiego (Teki),9
740,135706890,57632,2022-01-11 14:08:28,2022-01-11 14:25:23,Drobnera / Dubois,Nowowiejska / Jedności Narodowej,17
741,135707453,57358,2022-01-11 14:21:31,2022-01-11 14:25:25,Strzegomska / Rogowska ,Graniczna / Strzegomska,4
742,135707272,650090,2022-01-11 14:17:04,2022-01-11 14:25:38,Aleja Hallera / Mielecka,Grabiszyńska / Stalowa,9
743,135707005,57164,2022-01-11 14:10:48,2022-01-11 14:25:48,Świeradowska (Ferio Gaj ),Kamienna / Tomaszowska,15
744,135706660,57255,2022-01-11 14:03:14,2022-01-11 14:26:11,Kościuszki / Pułaskiego,al. Armii Krajowej / Borowska,23
745,135707658,651540,2022-01-11 14:25:51,2022-01-11 14:26:55,Kazimierza Wielkiego (Helios),Kazimierza Wielkiego (Helios),2
746,135707426,650983,2022-01-11 14:20:50,2022-01-11 14:27:35,Traugutta / Kościuszki,Dworzec Główny ,7
747,135707209,651379,2022-01-11 14:15:38,2022-01-11 14:27:36,Na Grobli (PWr - Geocentrum),Sienkiewicza / Piastowska,12
748,135707245,57767,2022-01-11 14:16:22,2022-01-11 14:28:21,Wyszyńskiego / Szczytnicka,Dworzec Główny ,12
749,135707519,650973,2022-01-11 14:22:49,2022-01-11 14:29:16,Piaskowa / św. Ducha,Drobnera / Dubois,7
750,135707113,650547,2022-01-11 14:13:28,2022-01-11 14:29:46,Partyzantów / Okrzei,Łukasiewicza / Smoluchowskiego (PWr),17
751,135706955,57696,2022-01-11 14:09:36,2022-01-11 14:30:04,Plac Uniwersytecki (UWr),Powstańców Śląskich/Orla,21
752,135706947,57269,2022-01-11 14:09:24,2022-01-11 14:31:17,Rakowiecka,Traugutta / Kościuszki,22
753,135707326,57072,2022-01-11 14:18:27,2022-01-11 14:32:46,Traugutta / Pułaskiego,Karwińska / Opolska,15
754,135707668,57632,2022-01-11 14:26:08,2022-01-11 14:32:55,Nowowiejska / Jedności Narodowej,Drobnera / Dubois,7
755,135707624,650271,2022-01-11 14:25:04,2022-01-11 14:33:28,Klecińska / Duńska,Grabiszyńska / Aleja Hallera,9
756,135707894,651245,2022-01-11 14:31:13,2022-01-11 14:33:47,Nowowiejska / Górnickiego,Nowowiejska / Wyszyńskiego,3
757,135707411,650356,2022-01-11 14:20:28,2022-01-11 14:34:32,Fabryczna / Wagonowa,Lotnicza / Na Ostatnim Groszu,15
758,135707767,650004,2022-01-11 14:28:24,2022-01-11 14:34:53,Wita Stwosza / Szewska,Świdnicka / Piłsudskiego (Hotel Scandic),7
759,135707529,651019,2022-01-11 14:23:02,2022-01-11 14:35:39,Rynek,Stacyjna (Dworzec Mikołajów),13
760,135706417,650211,2022-01-11 13:58:27,2022-01-11 14:35:49,Świeradowska (Ferio Gaj ),Buforowa - Vivaldiego,38
761,135707911,57154,2022-01-11 14:31:35,2022-01-11 14:36:12,Traugutta / Kościuszki,Rakowiecka,5
762,135707875,651262,2022-01-11 14:30:50,2022-01-11 14:37:22,al. Armii Krajowej / Tarnogajska,Krakowska / Leroy Merlin,7
763,135707749,57195,2022-01-11 14:28:00,2022-01-11 14:38:36,Plac Świętego Macieja / Trzebnicka,Świdnicka / Piłsudskiego (Hotel Scandic),11
764,135707946,650860,2022-01-11 14:32:22,2022-01-11 14:40:33,Reymonta / Kleczkowska,Plac Uniwersytecki (UWr),9
765,135707613,651530,2022-01-11 14:24:51,2022-01-11 14:40:56,Fabryczna / Wagonowa,Kozanowska / Pilczycka,17
766,135707781,650535,2022-01-11 14:28:48,2022-01-11 14:42:16,Dyrekcyjna / Borowska (Wroclavia),Zaporoska / Wielka / Krucza,14
767,135707977,57274,2022-01-11 14:33:15,2022-01-11 14:42:46,Powstańców Śląskich (Arkady Wrocławskie),Poza stacją,10
768,135707954,650567,2022-01-11 14:32:39,2022-01-11 14:42:57,pl. Powstańców Wielkopolskich,Plac Uniwersytecki (UWr),11
769,135707490,651130,2022-01-11 14:22:13,2022-01-11 14:43:06,Wyszyńskiego / Szczytnicka,Plac Świętego Macieja / Trzebnicka,21
770,135707901,650455,2022-01-11 14:31:23,2022-01-11 14:43:11,Młodych Techników,Fosa Miejska ,12
771,135707942,57476,2022-01-11 14:32:21,2022-01-11 14:43:17,pl. Powstańców Wielkopolskich,Plac Uniwersytecki (UWr),11
772,135708057,57320,2022-01-11 14:35:03,2022-01-11 14:43:30,Żeromskiego / Kluczborska,Jedności Narodowej / Wyszyńskiego,9
773,135708223,57996,2022-01-11 14:38:33,2022-01-11 14:44:59,Lotnicza / Bajana,Pilczycka / Kozanowska,7
774,135708126,651004,2022-01-11 14:36:47,2022-01-11 14:45:16,Drobnera / Dubois,Wyszyńskiego / Szczytnicka,9
775,135707843,651069,2022-01-11 14:30:13,2022-01-11 14:46:03,Łukasiewicza / Smoluchowskiego (PWr),Fosa Miejska ,16
776,135707907,57736,2022-01-11 14:31:31,2022-01-11 14:46:04,Aleja Bielany,al. Karkonoska / Jeździecka,15
777,135708217,57863,2022-01-11 14:38:26,2022-01-11 14:46:16,Wróblewskiego (Teki),Janiszewskiego (PWr),8
778,135708351,650621,2022-01-11 14:41:54,2022-01-11 14:46:32,Rakowiecka,Traugutta / Kościuszki,5
779,135708068,650684,2022-01-11 14:35:22,2022-01-11 14:47:01,Poza stacją,Plac Jana Pawła II (Akademia Muzyczna),12
780,135708199,57632,2022-01-11 14:38:06,2022-01-11 14:47:27,Drobnera / Dubois,Plac Grunwaldzki / Polaka,10
781,135708254,57004,2022-01-11 14:39:30,2022-01-11 14:47:39,Skarbowców / Wietrzna,Czekoladowa / Wałbrzyska,9
782,135708261,651301,2022-01-11 14:39:44,2022-01-11 14:49:53,Szewska / Kazimierza Wielkiego ,Poniatowskiego / Oleśnicka,11
783,135708206,650896,2022-01-11 14:38:12,2022-01-11 14:50:09,Szczęśliwa (Sky Tower),Aleja Hallera / Mielecka,12
784,135708445,57845,2022-01-11 14:43:58,2022-01-11 14:50:23,Młodych Techników,Stacyjna (Dworzec Mikołajów),7
785,135708528,57829,2022-01-11 14:45:52,2022-01-11 14:51:12,Plac Grunwaldzki / Polaka,Sienkiewicza / Wyszyńskiego,6
786,135708480,57476,2022-01-11 14:44:33,2022-01-11 14:51:30,Plac Uniwersytecki (UWr),Rynek,7
787,135699865,57809,2022-01-11 11:09:48,2022-01-11 14:51:51,Konduktorska,Fabryczna / Wagonowa,223
788,135708684,650869,2022-01-11 14:49:00,2022-01-11 14:51:56,Traugutta / Pułaskiego,Kościuszki / Pułaskiego,3
789,135708426,650689,2022-01-11 14:43:30,2022-01-11 14:52:07,Plac Powstańców Śląskich,Dyrekcyjna / Borowska (Wroclavia),9
790,135708492,57948,2022-01-11 14:44:59,2022-01-11 14:54:01,Kamieńskiego,Żmigrodzka / Broniewskiego,10
791,135708398,651206,2022-01-11 14:42:55,2022-01-11 14:54:03,Ślężna / Kamienna (Uniw. Ekonomiczny),Świeradowska (Ferio Gaj ),12
792,135707503,650865,2022-01-11 14:22:26,2022-01-11 14:54:53,Fabryczna / Wagonowa,Jagodzińska / Buforowa,33
793,135708792,651222,2022-01-11 14:50:56,2022-01-11 14:55:16,Przyjaźni / Karkonoska,Wałbrzyska - pętla tramwajowa,5
794,135708943,650479,2022-01-11 14:54:25,2022-01-11 14:55:22,Zaporoska / Grabiszyńska,Zaporoska / Grabiszyńska,1
795,135708133,650866,2022-01-11 14:36:59,2022-01-11 14:55:26,Grabiszyńska / Aleja Hallera,Krucza / Mielecka / Stalowa,19
796,135708837,57251,2022-01-11 14:52:09,2022-01-11 14:56:37,Fabryczna / Wagonowa,Poza stacją,5
797,135708457,650567,2022-01-11 14:44:10,2022-01-11 14:57:12,Plac Uniwersytecki (UWr),Rynek,14
798,135707850,650505,2022-01-11 14:30:21,2022-01-11 14:57:50,al. Karkonoska / Jeździecka,Zwycięska / Agrestowa,28
799,135708945,650943,2022-01-11 14:54:28,2022-01-11 14:58:42,Młodych Techników,Plac Strzegomski / Poznańska,5
800,135708418,650889,2022-01-11 14:43:20,2022-01-11 14:59:12,Gliniana / Gajowa,Jagodzińska / Buforowa,16
801,135709119,650402,2022-01-11 14:58:55,2022-01-11 14:59:38,Joliot-Curie (Uwr),Joliot-Curie (Uwr),1
802,135708995,651206,2022-01-11 14:55:37,2022-01-11 15:00:11,Świeradowska (Ferio Gaj ),Bardzka (cmentarz),5
803,135709166,650567,2022-01-11 15:00:15,2022-01-11 15:00:53,Rynek,Rynek,1
804,135708864,650973,2022-01-11 14:52:46,2022-01-11 15:01:08,Drobnera / Dubois,Drobnera / Plac Bema,9
805,135708801,650896,2022-01-11 14:51:04,2022-01-11 15:01:31,Aleja Hallera / Mielecka,Klecińska (Wrocław Grabiszyn),11
806,135708825,651129,2022-01-11 14:51:41,2022-01-11 15:01:46,Solskiego / al. Piastów,Racławicka / Rymarska,11
807,135708204,651219,2022-01-11 14:38:09,2022-01-11 15:02:03,Drobnera / Dubois,Drobnera / Dubois,24
808,135709003,651085,2022-01-11 14:55:48,2022-01-11 15:02:12,.RELOKACYJNA,Stacyjna (Dworzec Mikołajów),7
809,135708333,57223,2022-01-11 14:41:24,2022-01-11 15:02:18,Plac Dominikański (Galeria Dominikańska),Grabiszyńska / Stalowa,21
810,135708887,57567,2022-01-11 14:53:10,2022-01-11 15:02:35,Graniczna / Strzegomska,Rogowska / Zemska,10
811,135708487,651274,2022-01-11 14:44:47,2022-01-11 15:03:15,al. Kochanowskiego / Kopernika,Wita Stwosza / Szewska,19
812,135709288,650892,2022-01-11 15:02:56,2022-01-11 15:03:28,Wita Stwosza / Szewska,Wita Stwosza / Szewska,1
813,135708491,651209,2022-01-11 14:44:58,2022-01-11 15:03:46,Plac Legionów,Plac Grunwaldzki (DS Ołówek),19
814,135709342,650892,2022-01-11 15:04:05,2022-01-11 15:04:35,Wita Stwosza / Szewska,Wita Stwosza / Szewska,1
815,135708948,651476,2022-01-11 14:54:31,2022-01-11 15:05:28,Na Grobli (PWr - Geocentrum),Dworzec Główny ,11
816,135708934,57632,2022-01-11 14:54:01,2022-01-11 15:06:29,Plac Grunwaldzki / Polaka,Drobnera / Dubois,13
817,135709402,57385,2022-01-11 15:05:34,2022-01-11 15:06:32,Łukasiewicza / Smoluchowskiego (PWr),Łukasiewicza / Smoluchowskiego (PWr),1
818,135709432,57842,2022-01-11 15:06:18,2022-01-11 15:06:36,pl. Orląt Lwowskich,pl. Orląt Lwowskich,1
819,135709065,650004,2022-01-11 14:57:21,2022-01-11 15:06:50,Świdnicka / Piłsudskiego (Hotel Scandic),"Grochowa / Jemiołowa,",10
820,135709307,651122,2022-01-11 15:03:17,2022-01-11 15:08:12,Traugutta / Kościuszki,Kościuszki / Komuny Paryskiej / Zgodna,5
821,135707575,650251,2022-01-11 14:24:08,2022-01-11 15:09:01,Poza stacją,Poniatowskiego / Oleśnicka,45
822,135709024,57829,2022-01-11 14:56:12,2022-01-11 15:09:06,Sienkiewicza / Wyszyńskiego,Dworzec Główny ,13
823,135709196,57948,2022-01-11 15:00:46,2022-01-11 15:09:40,Żmigrodzka / Broniewskiego,pl. Powstańców Wielkopolskich,9
824,135708617,57128,2022-01-11 14:47:43,2022-01-11 15:09:43,Kutrzeby / Hubala,Powstańców Śląskich/Orla,22
825,135708594,651161,2022-01-11 14:47:23,2022-01-11 15:09:46,Kutrzeby / Hubala,Powstańców Śląskich/Orla,23
826,135709224,650692,2022-01-11 15:01:23,2022-01-11 15:10:35,Gazowa / Międzyleska,Bardzka (cmentarz),10
827,135709116,651013,2022-01-11 14:58:51,2022-01-11 15:12:28,Śrubowa / Strzegomska,Zaporoska / Wielka / Krucza,14
828,135708680,651130,2022-01-11 14:48:55,2022-01-11 15:12:32,Plac Świętego Macieja / Trzebnicka,Drobnera / Dubois,24
829,135708847,650184,2022-01-11 14:52:26,2022-01-11 15:12:38,Legnicka (Park Magnolia),Klecińska (Wrocław Grabiszyn),21
830,135709384,650892,2022-01-11 15:05:14,2022-01-11 15:13:40,Wita Stwosza / Szewska,Plac Kościuszki (Renoma),9
831,135709126,650621,2022-01-11 14:59:02,2022-01-11 15:13:45,Traugutta / Kościuszki,Kazimierza Wielkiego (Helios),15
832,135708607,57255,2022-01-11 14:47:32,2022-01-11 15:13:57,al. Armii Krajowej / Borowska,Nowowiejska / Wyszyńskiego,27
833,135709551,651318,2022-01-11 15:09:01,2022-01-11 15:13:59,Bałtycka / Żmigrodzka,Kamieńskiego / Jutrosińska,5
834,135709273,650973,2022-01-11 15:02:40,2022-01-11 15:14:02,Drobnera / Plac Bema,Traugutta / Pułaskiego,12
835,135709064,57195,2022-01-11 14:57:19,2022-01-11 15:14:27,Świdnicka / Piłsudskiego (Hotel Scandic),Śrubowa / Strzegomska,18
836,135709401,650009,2022-01-11 15:05:33,2022-01-11 15:14:58,Drobnera / Plac Bema,Plac Dominikański (Galeria Dominikańska),10
837,135707714,651171,2022-01-11 14:27:15,2022-01-11 15:15:18,Kazimierza Wielkiego (Helios),Poza stacją,49
838,135709801,650267,2022-01-11 15:14:34,2022-01-11 15:15:32,Komandorska / Sanocka,Komandorska / Sanocka,1
839,135709696,650559,2022-01-11 15:12:04,2022-01-11 15:15:41,Opolska / Siemianowicka,Opolska / pętla tramwajowa,4
840,135709578,650861,2022-01-11 15:09:39,2022-01-11 15:15:45,3M,Kwidzyńska pętla,7
841,135709466,651334,2022-01-11 15:07:02,2022-01-11 15:16:26,Plac Jana Pawła II (Akademia Muzyczna),Wyszyńskiego / Szczytnicka,10
842,135709643,57863,2022-01-11 15:10:58,2022-01-11 15:16:45,Janiszewskiego (PWr),Wróblewskiego (ZOO),6
843,135709316,57036,2022-01-11 15:03:32,2022-01-11 15:16:47,al. Kochanowskiego / Śniadeckich ,Traugutta / Pułaskiego,14
844,135706565,651498,2022-01-11 14:01:36,2022-01-11 15:16:54,Sienkiewicza / Piastowska,Poza stacją,76
845,135709713,651080,2022-01-11 15:12:21,2022-01-11 15:17:53,Dyrekcyjna / Borowska (Wroclavia),Ślężna / Kamienna (Uniw. Ekonomiczny),6
846,135709693,650689,2022-01-11 15:12:04,2022-01-11 15:17:57,Dyrekcyjna / Borowska (Wroclavia),Ślężna / Kamienna (Uniw. Ekonomiczny),6
847,135709669,57798,2022-01-11 15:11:37,2022-01-11 15:19:11,Poza stacją,Klecińska (Wrocław Grabiszyn),8
848,135709933,651476,2022-01-11 15:17:21,2022-01-11 15:19:34,Dworzec Główny ,Dworzec Główny ,3
849,135709888,650198,2022-01-11 15:16:36,2022-01-11 15:19:44,Szewska / Kazimierza Wielkiego ,Fosa Miejska ,4
850,135709660,57305,2022-01-11 15:11:30,2022-01-11 15:19:48,Traugutta / Pułaskiego,Szewska / Kazimierza Wielkiego ,9
851,135709683,650271,2022-01-11 15:11:53,2022-01-11 15:20:29,Grabiszyńska / Aleja Hallera,Oporów (pętla tramwajowa),9
852,135709901,650379,2022-01-11 15:16:50,2022-01-11 15:21:32,Poza stacją,Promenady Wrocławskie,5
853,135709751,650041,2022-01-11 15:13:07,2022-01-11 15:21:58,Piaskowa / św. Ducha,Rondo Reagana,9
854,135709149,650440,2022-01-11 14:59:47,2022-01-11 15:23:33,Łukasiewicza / Smoluchowskiego (PWr),Dworzec Główny ,24
855,135709459,650547,2022-01-11 15:06:53,2022-01-11 15:23:53,Łukasiewicza / Smoluchowskiego (PWr),Miłoszycka / Swojczycka ,17
856,135710226,651080,2022-01-11 15:24:09,2022-01-11 15:24:24,Ślężna / Kamienna (Uniw. Ekonomiczny),Ślężna / Kamienna (Uniw. Ekonomiczny),1
857,135709873,57021,2022-01-11 15:16:25,2022-01-11 15:24:44,Śrubowa / Strzegomska,Traktatowa (przystanek kolejowy),9
858,135709580,651471,2022-01-11 15:09:40,2022-01-11 15:25:07,Legnicka / Zachodnia ,Wita Stwosza / Szewska,16
859,135708542,57330,2022-01-11 14:46:11,2022-01-11 15:25:25,Mińska / Stanisławowska,Rondo Reagana,40
860,135709810,650973,2022-01-11 15:14:50,2022-01-11 15:25:26,Traugutta / Pułaskiego,Hubska / Prudnicka,11
861,135709889,650777,2022-01-11 15:16:36,2022-01-11 15:25:54,pl. Orląt Lwowskich,Poza stacją,10
862,135710117,57340,2022-01-11 15:21:34,2022-01-11 15:25:54,Poza stacją,Grota-Roweckiego / Parafialna,5
863,135709778,651206,2022-01-11 15:14:04,2022-01-11 15:26:03,Bardzka (cmentarz),Grota-Roweckiego / Parafialna,12
864,135709804,650699,2022-01-11 15:14:41,2022-01-11 15:26:45,Traktatowa (przystanek kolejowy),Legnicka / Młodych Techników,13
865,135709550,57422,2022-01-11 15:09:01,2022-01-11 15:26:56,Na Grobli (PWr - Geocentrum),Plac Powstańców Śląskich,18
866,135710010,650864,2022-01-11 15:18:53,2022-01-11 15:27:50,Wróblewskiego (Teki),Rondo Reagana,9
867,135709386,57736,2022-01-11 15:05:15,2022-01-11 15:28:58,al. Karkonoska / Jeździecka,Kamienna / Borowska (Aquapark),24
868,135710180,57602,2022-01-11 15:23:07,2022-01-11 15:29:26,Hubska / Prudnicka,Dyrekcyjna / Borowska (Wroclavia),7
869,135710439,57541,2022-01-11 15:29:20,2022-01-11 15:30:07,Rogowska / Zemska,Rogowska / Zemska,1
870,135709822,57386,2022-01-11 15:15:09,2022-01-11 15:30:19,Plac Uniwersytecki (UWr),Powstańcow Śląskich / Aleja Hallera,16
871,135710009,57269,2022-01-11 15:18:52,2022-01-11 15:30:20,Traugutta / Kościuszki,"Dworzec Główny, południe",12
872,135710046,57809,2022-01-11 15:19:53,2022-01-11 15:30:23,Fabryczna / Wagonowa,Legnicka (Park Magnolia),11
873,135710453,650402,2022-01-11 15:29:54,2022-01-11 15:30:36,Sienkiewicza / Wyszyńskiego,Sienkiewicza / Wyszyńskiego,1
874,135709803,57632,2022-01-11 15:14:37,2022-01-11 15:31:10,Drobnera / Dubois,Drobnera / Dubois,17
875,135710026,650350,2022-01-11 15:19:20,2022-01-11 15:31:39,Poza stacją,Klecińska (Wrocław Grabiszyn),13
876,135709508,650684,2022-01-11 15:07:51,2022-01-11 15:32:07,Plac Jana Pawła II (Akademia Muzyczna),Świeradowska (Ferio Gaj ),25
877,135709886,650298,2022-01-11 15:16:33,2022-01-11 15:32:11,Kutrzeby / Hubala,Czekoladowa / Wałbrzyska,16
878,135710398,651304,2022-01-11 15:28:24,2022-01-11 15:34:01,Hallera / Odkrywców,Aleja Hallera / Mielecka,6
879,135710060,651532,2022-01-11 15:20:14,2022-01-11 15:34:09,Waniliowa / Cynamonowa,Obornicka / Bałtycka,14
880,135710293,650074,2022-01-11 15:25:55,2022-01-11 15:34:27,Powstańców Śląskich (Arkady Wrocławskie),Wita Stwosza / Szewska,9
881,135710642,57468,2022-01-11 15:33:43,2022-01-11 15:34:47,Strzegomska / Rogowska ,Strzegomska / Rogowska ,2
882,135710013,650735,2022-01-11 15:19:00,2022-01-11 15:36:53,Wałbrzyska - pętla tramwajowa,Grabiszyńska / Aleja Hallera,18
883,135709899,650009,2022-01-11 15:16:49,2022-01-11 15:37:25,Plac Dominikański (Galeria Dominikańska),Karwińska / Opolska,21
884,135710417,651245,2022-01-11 15:28:50,2022-01-11 15:37:32,Nowowiejska / Wyszyńskiego,Janiszewskiego (PWr),9
885,135710311,57817,2022-01-11 15:26:24,2022-01-11 15:37:49,Żelazna / Pereca,Dyrekcyjna / Borowska (Wroclavia),12
886,135710169,57742,2022-01-11 15:22:55,2022-01-11 15:39:08,Legnicka (Park Magnolia),Wita Stwosza / Szewska,17
887,135709527,651014,2022-01-11 15:08:26,2022-01-11 15:39:39,Centrum Handlowe Auchan Bielany,Plac Powstańców Śląskich,32
888,135710773,57033,2022-01-11 15:36:27,2022-01-11 15:39:45,Kamienna / Tomaszowska,Kamienna / Borowska (Aquapark),4
889,135710435,651473,2022-01-11 15:29:16,2022-01-11 15:39:46,pl. Orląt Lwowskich,Plac Powstańców Śląskich,11
890,135710195,650561,2022-01-11 15:23:31,2022-01-11 15:40:14,Wróblewskiego (ZOO),Dworzec Główny ,17
891,135710209,57171,2022-01-11 15:23:45,2022-01-11 15:40:43,Kościuszki / Komuny Paryskiej / Zgodna,Plac Jana Pawła II (Akademia Muzyczna),17
892,135710539,651130,2022-01-11 15:31:29,2022-01-11 15:41:03,Drobnera / Dubois,Wyszyńskiego / Szczytnicka,10
893,135710616,651312,2022-01-11 15:33:12,2022-01-11 15:42:03,Ślężna / Aleja Wiśniowa,Dyrekcyjna / Borowska (Wroclavia),9
894,135710691,650356,2022-01-11 15:34:45,2022-01-11 15:42:16,Lotnicza / Na Ostatnim Groszu,Legnicka (Park Magnolia),8
895,135709977,651004,2022-01-11 15:18:15,2022-01-11 15:42:31,Wyszyńskiego / Szczytnicka,Ślężna / Aleja Wiśniowa,25
896,135710540,57341,2022-01-11 15:31:30,2022-01-11 15:42:50,Plac Jana Pawła II (Akademia Muzyczna),Legnicka (Park Magnolia),12
897,135710378,57417,2022-01-11 15:27:57,2022-01-11 15:42:58,Stabłowicka ,Wojanowska / Arbuzowa ,16
898,135710620,650184,2022-01-11 15:33:16,2022-01-11 15:43:23,Klecińska (Wrocław Grabiszyn),Krucza / Mielecka / Stalowa,11
899,135710602,57153,2022-01-11 15:32:55,2022-01-11 15:43:38,Jedności Narodowej / Wyszyńskiego,Poza stacją,11
900,135710220,57195,2022-01-11 15:24:01,2022-01-11 15:43:49,Śrubowa / Strzegomska,Lotnicza / Bajana,20
901,135710475,57567,2022-01-11 15:30:21,2022-01-11 15:44:34,Rogowska / Zemska,Lotnicza / Metalowców,15
902,135710685,651260,2022-01-11 15:34:43,2022-01-11 15:44:38,Otyńska,Klecińska (Wrocław Grabiszyn),10
903,135710588,57198,2022-01-11 15:32:35,2022-01-11 15:45:16,Traugutta / Kościuszki,Plac Grunwaldzki / Polaka,13
904,135710702,650041,2022-01-11 15:34:58,2022-01-11 15:45:37,Rondo Reagana,Drobnera / Plac Bema,11
905,135709236,57476,2022-01-11 15:01:35,2022-01-11 15:45:44,Rynek,Wita Stwosza / Szewska,45
906,135709244,650567,2022-01-11 15:01:48,2022-01-11 15:45:46,Rynek,Wita Stwosza / Szewska,44
907,135710699,651374,2022-01-11 15:34:53,2022-01-11 15:45:49,Strzegomska / Rogowska ,Mińska / Stanisławowska,11
908,135710820,650052,2022-01-11 15:37:30,2022-01-11 15:46:01,Łukasiewicza / Smoluchowskiego (PWr),Nowowiejska / Górnickiego,9
909,135710628,651346,2022-01-11 15:33:31,2022-01-11 15:46:03,Przyjaźni / Karkonoska,Przyjaźni,13
910,135710825,651013,2022-01-11 15:37:37,2022-01-11 15:46:07,Zaporoska / Wielka / Krucza,Ślężna / Aleja Wiśniowa,9
911,135709733,57488,2022-01-11 15:12:42,2022-01-11 15:46:15,Śrubowa / Strzegomska,Jedności Narodowej / Wyszyńskiego,34
912,135710040,57829,2022-01-11 15:19:43,2022-01-11 15:47:18,Dworzec Główny ,Olszewskiego / Spółdzielcza,28
913,135710719,57340,2022-01-11 15:35:21,2022-01-11 15:47:20,Grota-Roweckiego / Parafialna,Kamienna / Borowska (Aquapark),12
914,135711220,650629,2022-01-11 15:46:01,2022-01-11 15:47:40,Mińska / Stanisławowska,Mińska / Stanisławowska,2
915,135710683,651532,2022-01-11 15:34:40,2022-01-11 15:47:55,Obornicka / Bałtycka,Zachodnia / Poznańska,14
916,135710906,650229,2022-01-11 15:39:12,2022-01-11 15:48:36,Koszarowa / UWr,al. Poprzeczna / stacja kolejowa,10
917,135710986,650389,2022-01-11 15:40:55,2022-01-11 15:48:39,Klecińska / Duńska,Klecińska (Wrocław Grabiszyn),8
918,135710619,650455,2022-01-11 15:33:16,2022-01-11 15:48:49,Fosa Miejska ,Nowowiejska / Wyszyńskiego,16
919,135711075,57468,2022-01-11 15:43:05,2022-01-11 15:49:10,Strzegomska / Rogowska ,Tyrmanda / Mińska,7
920,135710710,650406,2022-01-11 15:35:05,2022-01-11 15:49:33,Aleja Kromera,Sołtysowicka / Redycka,15
921,135711217,57198,2022-01-11 15:45:53,2022-01-11 15:49:37,Plac Grunwaldzki / Polaka,Rondo Reagana,4
922,135710844,650869,2022-01-11 15:38:00,2022-01-11 15:49:40,Kościuszki / Pułaskiego,Sienkiewicza / Wyszyńskiego,12
923,135710786,651132,2022-01-11 15:36:52,2022-01-11 15:51:00,Plac Grunwaldzki (DS Ołówek),Poza stacją,15
924,135710862,651476,2022-01-11 15:38:18,2022-01-11 15:51:22,Dworzec Główny ,Plac Powstańców Śląskich,14
925,135711245,57127,2022-01-11 15:46:33,2022-01-11 15:51:35,Kamieńskiego / Jutrosińska,Bałtycka / Żmigrodzka,6
926,135711351,650958,2022-01-11 15:48:23,2022-01-11 15:51:52,Opolska / pętla tramwajowa,Opolska / Siemianowicka,4
927,135709749,650373,2022-01-11 15:13:00,2022-01-11 15:51:53,Legnicka (Park Magnolia),Aleja Hallera / Mielecka,39
928,135710717,57755,2022-01-11 15:35:19,2022-01-11 15:51:56,Pereca / Grabiszyńska,Dworzec Główny ,17
929,135711196,57567,2022-01-11 15:45:27,2022-01-11 15:52:23,Lotnicza / Metalowców,Kozanowska / Pilczycka,7
930,135711084,651494,2022-01-11 15:43:20,2022-01-11 15:52:32,Grota-Roweckiego/Iwaszkiewicza,Zwycięska / Agrestowa,10
931,135711013,57903,2022-01-11 15:41:33,2022-01-11 15:53:06,Grota-Roweckiego/Iwaszkiewicza,Zwycięska / Agrestowa,12
932,135711585,651219,2022-01-11 15:52:33,2022-01-11 15:53:06,Drobnera / Dubois,Drobnera / Dubois,1
933,135711139,57574,2022-01-11 15:44:28,2022-01-11 15:53:59,Rynek,Dworzec Główny ,10
934,135711625,57931,2022-01-11 15:53:15,2022-01-11 15:54:09,Traugutta / Pułaskiego,Traugutta / Pułaskiego,1
935,135711633,651532,2022-01-11 15:53:24,2022-01-11 15:54:13,Zachodnia / Poznańska,Zachodnia / Poznańska,1
936,135711076,651130,2022-01-11 15:43:10,2022-01-11 15:55:02,Wyszyńskiego / Szczytnicka,Rakowiecka,12
937,135711444,57696,2022-01-11 15:50:06,2022-01-11 15:55:13,Powstańców Śląskich/Orla,Racławicka / Rymarska,6
938,135711360,650192,2022-01-11 15:48:37,2022-01-11 15:55:22,Strzegomska / Estońska,Poza stacją,7
939,135711434,57128,2022-01-11 15:49:56,2022-01-11 15:55:40,Powstańców Śląskich/Orla,Racławicka / Rymarska,6
940,135711715,650142,2022-01-11 15:54:44,2022-01-11 15:57:26,Piaskowa / św. Ducha,Drobnera / Plac Bema,3
941,135711716,651532,2022-01-11 15:54:46,2022-01-11 15:59:58,Zachodnia / Poznańska,Plac Jana Pawła II (Akademia Muzyczna),6
942,135711400,650090,2022-01-11 15:49:18,2022-01-11 16:00:02,Grabiszyńska / Stalowa,Komandorska / Sanocka,11
943,135711733,650860,2022-01-11 15:55:18,2022-01-11 16:00:11,Plac Uniwersytecki (UWr),Kurkowa / Dubois,5
944,135711118,650290,2022-01-11 15:44:02,2022-01-11 16:00:14,"Grochowa / Jemiołowa,",Przyjaźni / Karkonoska,17
945,135711773,57144,2022-01-11 15:55:58,2022-01-11 16:00:35,Mickiewicza / pętla tramwajowa,Marca Polo (Olimpia Port),5
946,135711894,651386,2022-01-11 15:58:26,2022-01-11 16:00:53,Aleja Kromera,Aleja Kromera,3
947,135711294,57673,2022-01-11 15:47:27,2022-01-11 16:01:11,Stacyjna (Dworzec Mikołajów),Grabiszyńska / Magazynierska (Corte Verona),14
948,135711835,57341,2022-01-11 15:57:17,2022-01-11 16:01:24,Legnicka (Park Magnolia),Stacyjna (Dworzec Mikołajów),5
949,135711869,651530,2022-01-11 15:57:58,2022-01-11 16:01:46,Kozanowska / Pilczycka,Pilczycka / Kozanowska,4
950,135711313,57267,2022-01-11 15:47:47,2022-01-11 16:02:00,Na Ostatnim Groszu,Pilczycka / Koszykarska,15
951,135711699,57843,2022-01-11 15:54:22,2022-01-11 16:02:05,Traugutta / Pułaskiego,"Dworzec Główny, południe",8
952,135711327,57340,2022-01-11 15:47:59,2022-01-11 16:02:32,Kamienna / Borowska (Aquapark),Wita Stwosza / Szewska,15
953,135712090,57643,2022-01-11 16:02:07,2022-01-11 16:02:56,Marca Polo (Olimpia Port),Marca Polo (Olimpia Port),1
954,135711593,651230,2022-01-11 15:52:46,2022-01-11 16:02:58,Wita Stwosza / Szewska,"Dworzec Główny, południe",11
955,135711164,57632,2022-01-11 15:44:50,2022-01-11 16:03:26,Drobnera / Dubois,Kościuszki / Pułaskiego,19
956,135711519,57817,2022-01-11 15:51:28,2022-01-11 16:03:29,"Dworzec Główny, południe",Pereca / Grabiszyńska,13
957,135711370,650074,2022-01-11 15:48:45,2022-01-11 16:04:06,Wita Stwosza / Szewska,Żelazna / Pereca,16
958,135711752,651334,2022-01-11 15:55:37,2022-01-11 16:04:39,Wyszyńskiego / Szczytnicka,Poza stacją,10
959,135711750,651080,2022-01-11 15:55:35,2022-01-11 16:04:40,Legnicka / Młodych Techników,pl. Orląt Lwowskich,10
960,135711977,651161,2022-01-11 16:00:09,2022-01-11 16:04:45,Powstańców Śląskich/Orla,Racławicka / Rymarska,5
961,135711603,57948,2022-01-11 15:52:52,2022-01-11 16:05:14,pl. Powstańców Wielkopolskich,Jedności Narodowej / Wyszyńskiego,13
962,135710823,651209,2022-01-11 15:37:33,2022-01-11 16:06:02,Plac Grunwaldzki (DS Ołówek),Fosa Miejska ,29
963,135711560,651236,2022-01-11 15:52:10,2022-01-11 16:06:16,Wita Stwosza / Szewska,Szczęśliwa (Sky Tower),15
964,135711870,57198,2022-01-11 15:57:58,2022-01-11 16:06:48,Rondo Reagana,Na Grobli (PWr - Geocentrum),9
965,135712132,57202,2022-01-11 16:03:01,2022-01-11 16:07:01,Piaskowa / św. Ducha,Piaskowa / św. Ducha,4
966,135711492,57798,2022-01-11 15:50:51,2022-01-11 16:07:15,Klecińska (Wrocław Grabiszyn),Poza stacją,17
967,135711653,650897,2022-01-11 15:53:45,2022-01-11 16:07:17,Poza stacją,Gorlicka/Stanety,14
968,135712352,650452,2022-01-11 16:06:56,2022-01-11 16:07:26,Plac Uniwersytecki (UWr),Plac Uniwersytecki (UWr),1
969,135712192,651514,2022-01-11 16:03:55,2022-01-11 16:07:33,Legnicka / Wejherowska,Popowice,4
970,135712111,57036,2022-01-11 16:02:31,2022-01-11 16:08:00,Traugutta / Pułaskiego,Wyszyńskiego / Szczytnicka,6
971,135711347,651013,2022-01-11 15:48:19,2022-01-11 16:08:05,Ślężna / Aleja Wiśniowa,Plac Powstańców Śląskich,20
972,135711621,57767,2022-01-11 15:53:09,2022-01-11 16:08:14,Dworzec Główny ,Kościuszki / Pułaskiego,16
973,135711674,651219,2022-01-11 15:53:58,2022-01-11 16:08:18,Drobnera / Dubois,Sienkiewicza / Wyszyńskiego,15
974,135710011,651274,2022-01-11 15:18:53,2022-01-11 16:09:00,Wita Stwosza / Szewska,Popowice,51
975,135711640,650312,2022-01-11 15:53:30,2022-01-11 16:09:27,Żmigrodzka / Broniewskiego,Nowowiejska / Jedności Narodowej,16
976,135710716,651129,2022-01-11 15:35:18,2022-01-11 16:09:40,Racławicka / Rymarska,Nowowiejska / Wyszyńskiego,35
977,135712330,651473,2022-01-11 16:06:31,2022-01-11 16:09:40,Plac Powstańców Śląskich,Plac Powstańców Śląskich,4
978,135711761,57171,2022-01-11 15:55:51,2022-01-11 16:09:47,Plac Jana Pawła II (Akademia Muzyczna),Kościuszki / Pułaskiego,14
979,135712145,651248,2022-01-11 16:03:09,2022-01-11 16:09:53,Marca Polo (Olimpia Port),Mickiewicza / pętla tramwajowa,7
980,135711965,650813,2022-01-11 15:59:59,2022-01-11 16:10:06,Rynek,Wyszyńskiego / Szczytnicka,11
981,135712086,57144,2022-01-11 16:01:59,2022-01-11 16:10:12,Marca Polo (Olimpia Port),Mickiewicza / pętla tramwajowa,9
982,135711646,650535,2022-01-11 15:53:39,2022-01-11 16:10:41,Zaporoska / Wielka / Krucza,Zaporoska / Wielka / Krucza,18
983,135711398,651399,2022-01-11 15:49:15,2022-01-11 16:10:44,Grabiszyńska / Aleja Hallera,Plac Strzegomski / Poznańska,22
984,135712284,57771,2022-01-11 16:05:47,2022-01-11 16:11:27,Plac Grunwaldzki (DS Ołówek),al. Kochanowskiego / Kopernika,6
985,135712430,57274,2022-01-11 16:08:29,2022-01-11 16:11:31,Poza stacją,Powstańcow Śląskich / Aleja Hallera,4
986,135712123,57214,2022-01-11 16:02:51,2022-01-11 16:11:45,"Wrocław Stadion, stacja kolejowa",Pilczycka (Stadion Miejski),9
987,135712397,650573,2022-01-11 16:07:45,2022-01-11 16:11:57,Promenady Wrocławskie,pl. Powstańców Wielkopolskich,5
988,135712144,650998,2022-01-11 16:03:09,2022-01-11 16:12:17,Gazowa / Międzyleska,Świeradowska (Ferio Gaj ),10
989,135712165,57337,2022-01-11 16:03:28,2022-01-11 16:12:23,Krakowska / Leroy Merlin,al. Armii Krajowej / Bardzka,9
990,135711601,650505,2022-01-11 15:52:50,2022-01-11 16:12:51,Zwycięska / Agrestowa,Centrum Handlowe Auchan Bielany,21
991,135712172,57903,2022-01-11 16:03:36,2022-01-11 16:13:01,Zwycięska / Agrestowa,Borowska (Uniw. Szpital Kliniczny),10
992,135711629,57448,2022-01-11 15:53:22,2022-01-11 16:13:04,Poza stacją,Poza stacją,20
993,135712743,57755,2022-01-11 16:13:47,2022-01-11 16:14:33,Dworzec Główny ,Dworzec Główny ,1
994,135712241,650510,2022-01-11 16:04:55,2022-01-11 16:14:47,Rynek,Młodych Techników,10
995,135712756,650402,2022-01-11 16:14:06,2022-01-11 16:14:47,Sienkiewicza / Piastowska,Sienkiewicza / Piastowska,1
996,135712345,650763,2022-01-11 16:06:51,2022-01-11 16:14:57,Boguszowska / Kosmonautów,Wojanowska / Arbuzowa ,9
997,135712406,651463,2022-01-11 16:07:54,2022-01-11 16:15:34,Plac Jana Pawła II (Akademia Muzyczna),Stacyjna (Dworzec Mikołajów),8
998,135712463,650320,2022-01-11 16:09:00,2022-01-11 16:15:34,Żmigrodzka / Broniewskiego,Promenady Wrocławskie,7
999,135712162,57557,2022-01-11 16:03:24,2022-01-11 16:15:41,Piaskowa / św. Ducha,Wróblewskiego (Teki),13
1000,135712575,57770,2022-01-11 16:10:51,2022-01-11 16:16:08,Żmigrodzka / Marino,Bezpieczna / Obornicka,6
1001,135712538,57616,2022-01-11 16:10:20,2022-01-11 16:16:14,Lotnicza / Na Ostatnim Groszu,Lotnicza / Bajana,6
1002,135712393,650637,2022-01-11 16:07:39,2022-01-11 16:17:14,Plac Uniwersytecki (UWr),Świdnicka / Piłsudskiego (Hotel Scandic),10
1003,135712748,650866,2022-01-11 16:13:55,2022-01-11 16:17:41,Krucza / Mielecka / Stalowa,Grabiszyńska / Stalowa,4
1004,135711976,651265,2022-01-11 16:00:06,2022-01-11 16:17:43,Poza stacją,Powstańcow Śląskich / Aleja Hallera,18
1005,135712506,57592,2022-01-11 16:09:44,2022-01-11 16:17:43,Kościuszki / Komuny Paryskiej / Zgodna,Poza stacją,8
1006,135712260,650373,2022-01-11 16:05:22,2022-01-11 16:18:15,Aleja Hallera / Mielecka,Klecińska (Wrocław Grabiszyn),13
1007,135711975,57200,2022-01-11 16:00:05,2022-01-11 16:18:32,Pilczycka (Stadion Miejski),Żernicka,19
1008,135712433,57036,2022-01-11 16:08:35,2022-01-11 16:18:42,Wyszyńskiego / Szczytnicka,Plac Grunwaldzki (DS Ołówek),11
1009,135712959,650402,2022-01-11 16:18:04,2022-01-11 16:18:44,Plac Grunwaldzki (DS Ołówek),Plac Grunwaldzki (DS Ołówek),1
1010,135712282,650969,2022-01-11 16:05:43,2022-01-11 16:19:28,Fabryczna / Wagonowa,Grabiszyńska / Stalowa,14
1011,135712698,651473,2022-01-11 16:13:04,2022-01-11 16:19:51,Plac Powstańców Śląskich,Świdnicka / Piłsudskiego (Hotel Scandic),7
1012,135710481,650178,2022-01-11 15:30:31,2022-01-11 16:20:03,Popowice,Popowice,50
1013,135712555,57269,2022-01-11 16:10:33,2022-01-11 16:20:20,"Dworzec Główny, południe",Plac Dominikański (Galeria Dominikańska),10
1014,135712764,651002,2022-01-11 16:14:14,2022-01-11 16:20:25,Grabiszyńska / Aleja Hallera,Grabiszyńska / Stalowa,7
1015,135712434,57422,2022-01-11 16:08:35,2022-01-11 16:20:34,Plac Powstańców Śląskich,Dyrekcyjna / Borowska (Wroclavia),12
1016,135712563,651543,2022-01-11 16:10:39,2022-01-11 16:20:38,Klecińska / Duńska,Na Ostatnim Groszu,10
1017,135712925,650699,2022-01-11 16:17:36,2022-01-11 16:21:25,Legnicka / Młodych Techników,Plac Jana Pawła II (Akademia Muzyczna),4
1018,135712329,651388,2022-01-11 16:06:30,2022-01-11 16:21:29,Semaforowa,Świeradowska / Krynicka,15
1019,135712535,650151,2022-01-11 16:10:16,2022-01-11 16:21:37,Plac Dominikański (Galeria Dominikańska),Ślężna / Aleja Wiśniowa,12
1020,135712246,651182,2022-01-11 16:05:00,2022-01-11 16:21:52,Kościuszki / Komuny Paryskiej / Zgodna,Kościuszki / Komuny Paryskiej / Zgodna,17
1021,135712256,651334,2022-01-11 16:05:16,2022-01-11 16:22:02,Poza stacją,Świdnicka / Piłsudskiego (Hotel Scandic),17
1022,135713065,650943,2022-01-11 16:20:10,2022-01-11 16:22:04,Plac Strzegomski / Poznańska,Legnicka / Młodych Techników,2
1023,135712632,650892,2022-01-11 16:11:58,2022-01-11 16:22:20,Plac Kościuszki (Renoma),Fosa Miejska ,11
1024,135713218,651540,2022-01-11 16:22:50,2022-01-11 16:23:17,Kazimierza Wielkiego (Helios),Kazimierza Wielkiego (Helios),1
1025,135713058,650511,2022-01-11 16:20:01,2022-01-11 16:23:37,Plac Jana Pawła II (Akademia Muzyczna),Kazimierza Wielkiego (Helios),4
1026,135692120,651105,2022-01-11 07:22:27,2022-01-11 16:24:02,Zwycięska / Ołtaszyńska,al. Karkonoska / Jeździecka,542
1027,135712956,651112,2022-01-11 16:18:01,2022-01-11 16:24:19,.RELOKACYJNA,Dyrekcyjna / Borowska (Wroclavia),7
1028,135712616,651471,2022-01-11 16:11:41,2022-01-11 16:24:29,Wita Stwosza / Szewska,Legnicka / Zachodnia ,13
1029,135712684,651260,2022-01-11 16:12:54,2022-01-11 16:24:36,Klecińska (Wrocław Grabiszyn),Na Ostatnim Groszu,12
1030,135712217,651318,2022-01-11 16:04:30,2022-01-11 16:24:57,Kamieńskiego / Jutrosińska,Krzywoustego / Korona,21
1031,135712413,57340,2022-01-11 16:08:06,2022-01-11 16:24:58,Wita Stwosza / Szewska,"Dworzec Główny, południe",17
1032,135712582,650052,2022-01-11 16:10:59,2022-01-11 16:24:58,Nowowiejska / Górnickiego,Kazimierza Wielkiego (Helios),14
1033,135712951,651206,2022-01-11 16:17:58,2022-01-11 16:24:58,Grota-Roweckiego / Parafialna,Borowska (Uniw. Szpital Kliniczny),7
1034,135713124,650535,2022-01-11 16:21:07,2022-01-11 16:25:02,Zaporoska / Wielka / Krucza,"Grochowa / Jemiołowa,",4
1035,135713141,650603,2022-01-11 16:21:23,2022-01-11 16:25:02,Legnicka / Zachodnia ,Legnicka / Zachodnia ,4
1036,135713122,650998,2022-01-11 16:21:06,2022-01-11 16:25:14,Świeradowska (Ferio Gaj ),Borowska (Uniw. Szpital Kliniczny),5
1037,135712670,57232,2022-01-11 16:12:36,2022-01-11 16:25:15,Tarnogajska / Klimasa,Kamienna / Tomaszowska,13
1038,135712396,57043,2022-01-11 16:07:43,2022-01-11 16:25:31,Kutrzeby / Hubala,Bardzka (cmentarz),18
1039,135712364,651004,2022-01-11 16:07:09,2022-01-11 16:25:33,Ślężna / Aleja Wiśniowa,Czekoladowa / Wałbrzyska,19
1040,135712893,650884,2022-01-11 16:16:42,2022-01-11 16:26:08,Rynek,Plac Dominikański (Galeria Dominikańska),10
1041,135712924,650763,2022-01-11 16:17:34,2022-01-11 16:26:09,Wojanowska / Arbuzowa ,"Kosmonautów / Fieldorfa, szpital wojewódzki",9
1042,135712259,651386,2022-01-11 16:05:21,2022-01-11 16:26:46,Aleja Kromera,Gorlicka / Litewska,22
1043,135712773,651122,2022-01-11 16:14:23,2022-01-11 16:26:55,Kościuszki / Komuny Paryskiej / Zgodna,Fosa Miejska ,13
1044,135713044,57931,2022-01-11 16:19:44,2022-01-11 16:27:27,Traugutta / Pułaskiego,Rondo Reagana,8
1045,135712409,57632,2022-01-11 16:07:59,2022-01-11 16:27:33,Kościuszki / Pułaskiego,Plac Uniwersytecki (UWr),20
1046,135713097,651209,2022-01-11 16:20:39,2022-01-11 16:27:33,Fosa Miejska ,Kościuszki / Pułaskiego,7
1047,135712544,650087,2022-01-11 16:10:22,2022-01-11 16:27:35,Tarnogajska / Klimasa,Jagodzińska / Buforowa,18
1048,135712832,650514,2022-01-11 16:15:27,2022-01-11 16:28:07,Solskiego / al. Piastów,Wałbrzyska - pętla tramwajowa,13
1049,135712550,57401,2022-01-11 16:10:28,2022-01-11 16:28:47,Berenta / Kasprowicza,Plac Uniwersytecki (UWr),19
1050,135713233,651334,2022-01-11 16:23:06,2022-01-11 16:28:59,Poza stacją,Poza stacją,6
1051,135713070,57144,2022-01-11 16:20:15,2022-01-11 16:29:36,Mickiewicza / pętla tramwajowa,Bacciarellego / pętla autobusowa,10
1052,135712794,650983,2022-01-11 16:14:45,2022-01-11 16:29:37,Dworzec Główny ,Tarnogajska / Klimasa,15
1053,135712716,57214,2022-01-11 16:13:20,2022-01-11 16:30:22,Pilczycka (Stadion Miejski),Legnicka (Park Magnolia),18
1054,135713346,651370,2022-01-11 16:25:13,2022-01-11 16:30:45,Plac Grunwaldzki (DS Ołówek),al. Kochanowskiego / Kopernika,6
1055,135713330,650409,2022-01-11 16:24:55,2022-01-11 16:30:47,Osobowicka - pętla tramwajowa,Osobowicka / Ostrowska,6
1056,135713329,57568,2022-01-11 16:24:55,2022-01-11 16:30:48,Osobowicka - pętla tramwajowa,Osobowicka / Ostrowska,6
1057,135712747,57613,2022-01-11 16:13:54,2022-01-11 16:31:05,Tarnogajska / Klimasa,Powstańców Śląskich (Arkady Wrocławskie),18
1058,135713251,57767,2022-01-11 16:23:24,2022-01-11 16:31:38,Kościuszki / Pułaskiego,Fosa Miejska ,9
1059,135712779,57786,2022-01-11 16:14:28,2022-01-11 16:32:31,Aleja Kromera,Fosa Miejska ,19
1060,135713695,650402,2022-01-11 16:31:56,2022-01-11 16:32:39,Plac Grunwaldzki (DS Ołówek),Plac Grunwaldzki (DS Ołówek),1
1061,135713153,650885,2022-01-11 16:21:42,2022-01-11 16:32:50,Plac Jana Pawła II (Akademia Muzyczna),Komandorska / Sanocka,12
1062,135713298,650090,2022-01-11 16:24:17,2022-01-11 16:33:08,Komandorska / Sanocka,Ślężna / Aleja Wiśniowa,9
1063,135713601,57736,2022-01-11 16:30:08,2022-01-11 16:33:08,Kamienna / Borowska (Aquapark),al. Armii Krajowej / Borowska,3
1064,135713484,57632,2022-01-11 16:28:05,2022-01-11 16:33:21,Plac Uniwersytecki (UWr),Drobnera / Dubois,6
1065,135713299,57171,2022-01-11 16:24:17,2022-01-11 16:33:39,Kościuszki / Pułaskiego,Fosa Miejska ,10
1066,135713249,57526,2022-01-11 16:23:22,2022-01-11 16:33:42,Kazimierza Wielkiego (Helios),Komandorska / Sanocka,11
1067,135712904,650685,2022-01-11 16:16:55,2022-01-11 16:33:50,Księgarska / Dekarska / Zduńska,Żmigrodzka / Marino,17
1068,135712897,650320,2022-01-11 16:16:46,2022-01-11 16:34:26,Promenady Wrocławskie,Żmigrodzka / Broniewskiego,18
1069,135713514,650750,2022-01-11 16:28:31,2022-01-11 16:34:41,Skarbowców / Wietrzna,Krzycka / Aleja Karkonoska (Park Południowy),7
1070,135713024,57968,2022-01-11 16:19:20,2022-01-11 16:34:57,Na Ostatnim Groszu,Klecińska (Wrocław Grabiszyn),16
1071,135713374,651182,2022-01-11 16:25:41,2022-01-11 16:35:24,Kościuszki / Komuny Paryskiej / Zgodna,Dyrekcyjna / Borowska (Wroclavia),10
1072,135713445,650689,2022-01-11 16:27:15,2022-01-11 16:35:31,Ślężna / Kamienna (Uniw. Ekonomiczny),Dworzec Główny ,9
1073,135713641,650440,2022-01-11 16:30:55,2022-01-11 16:35:42,Dworzec Główny ,Kościuszki / Pułaskiego,5
1074,135713573,651388,2022-01-11 16:29:43,2022-01-11 16:35:55,Świeradowska / Krynicka,al. Armii Krajowej / Borowska,7
1075,135712404,650684,2022-01-11 16:07:52,2022-01-11 16:36:36,Świeradowska (Ferio Gaj ),Legnicka / Młodych Techników,29
1076,135713487,651265,2022-01-11 16:28:06,2022-01-11 16:36:44,Powstańcow Śląskich / Aleja Hallera,al. Armii Krajowej / Borowska,9
1077,135713593,650660,2022-01-11 16:30:01,2022-01-11 16:37:47,al. Armii Krajowej / Bardzka,Ślężna / Aleja Wiśniowa,8
1078,135713366,57596,2022-01-11 16:25:33,2022-01-11 16:37:51,Klecińska / Duńska,Grabiszyńska / Aleja Hallera,13
1079,135713045,650198,2022-01-11 16:19:45,2022-01-11 16:37:55,Fosa Miejska ,Nowowiejska / Wyszyńskiego,19
1080,135713595,651494,2022-01-11 16:30:04,2022-01-11 16:38:41,Zwycięska / Agrestowa,al. Karkonoska / Jeździecka,9
1081,135713874,57948,2022-01-11 16:35:21,2022-01-11 16:39:28,Jedności Narodowej / Wyszyńskiego,Promenady Wrocławskie,5
1082,135713855,57755,2022-01-11 16:35:01,2022-01-11 16:39:30,Dworzec Główny ,Dyrekcyjna / Borowska (Wroclavia),5
1083,135713839,57138,2022-01-11 16:34:41,2022-01-11 16:40:14,Poza stacją,Dworzec Główny ,6
1084,135713349,651471,2022-01-11 16:25:14,2022-01-11 16:40:22,Legnicka / Zachodnia ,Plac Staszica,16
1085,135713756,650998,2022-01-11 16:32:55,2022-01-11 16:40:34,Borowska (Uniw. Szpital Kliniczny),Borowska (Uniw. Szpital Kliniczny),8
1086,135713341,651105,2022-01-11 16:25:09,2022-01-11 16:40:35,al. Karkonoska / Jeździecka,Poza stacją,16
1087,135713919,650689,2022-01-11 16:36:20,2022-01-11 16:40:39,Dworzec Główny ,Dworzec Główny ,5
1088,135713344,650573,2022-01-11 16:25:12,2022-01-11 16:41:36,pl. Powstańców Wielkopolskich,pl. Orląt Lwowskich,17
1089,135713578,650452,2022-01-11 16:29:47,2022-01-11 16:41:43,Plac Uniwersytecki (UWr),Żelazna / Pereca,12
1090,135713425,651486,2022-01-11 16:26:39,2022-01-11 16:41:44,Szewska / Kazimierza Wielkiego ,Powstańców Śląskich/Orla,16
1091,135713566,651334,2022-01-11 16:29:34,2022-01-11 16:41:52,Poza stacją,Aleja Hallera / Mielecka,13
1092,135713602,57330,2022-01-11 16:30:08,2022-01-11 16:41:59,Rondo Reagana,Plac Dominikański (Galeria Dominikańska),12
1093,135714034,57592,2022-01-11 16:38:27,2022-01-11 16:42:08,Poza stacją,Dworzec Główny ,4
1094,135713049,651161,2022-01-11 16:19:49,2022-01-11 16:42:18,Racławicka / Rymarska,al. Armii Krajowej / Bardzka,23
1095,135713518,651158,2022-01-11 16:28:38,2022-01-11 16:42:34,Gazowa / Międzyleska,Krakowska / Leroy Merlin,14
1096,135713384,57096,2022-01-11 16:25:55,2022-01-11 16:42:52,Grota-Roweckiego / Parafialna,Dyrekcyjna / Borowska (Wroclavia),17
1097,135711235,650567,2022-01-11 15:46:23,2022-01-11 16:43:01,Wita Stwosza / Szewska,Kazimierza Wielkiego (Helios),57
1098,135711248,57476,2022-01-11 15:46:36,2022-01-11 16:43:12,Wita Stwosza / Szewska,Kazimierza Wielkiego (Helios),57
1099,135714064,651014,2022-01-11 16:38:57,2022-01-11 16:43:28,Plac Powstańców Śląskich,Powstańcow Śląskich / Aleja Hallera,5
1100,135713348,57903,2022-01-11 16:25:14,2022-01-11 16:43:50,Borowska (Uniw. Szpital Kliniczny),Grota-Roweckiego / Parafialna,19
1101,135713751,651206,2022-01-11 16:32:51,2022-01-11 16:44:17,Borowska (Uniw. Szpital Kliniczny),Grota-Roweckiego/Iwaszkiewicza,12
1102,135713532,57108,2022-01-11 16:28:56,2022-01-11 16:44:18,Piaskowa / św. Ducha,Zachodnia / Poznańska,16
1103,135699619,650404,2022-01-11 11:00:27,2022-01-11 16:45:14,Poza stacją,Przyjaźni,345
1104,135713498,651004,2022-01-11 16:28:17,2022-01-11 16:47:00,Czekoladowa / Wałbrzyska,Powstańcow Śląskich / Aleja Hallera,19
1105,135713642,57269,2022-01-11 16:30:55,2022-01-11 16:47:02,Plac Dominikański (Galeria Dominikańska),al. Kochanowskiego / Kopernika,17
1106,135713433,57194,2022-01-11 16:26:57,2022-01-11 16:47:46,Kamienna / Tomaszowska,Zaporoska / Grabiszyńska,21
1107,135714277,57036,2022-01-11 16:42:46,2022-01-11 16:47:46,Plac Grunwaldzki (DS Ołówek),al. Kochanowskiego / Śniadeckich ,5
1108,135714058,57632,2022-01-11 16:38:52,2022-01-11 16:47:50,Drobnera / Dubois,Drobnera / Dubois,9
1109,135714580,57842,2022-01-11 16:48:03,2022-01-11 16:48:38,Ślężna / Kamienna (Uniw. Ekonomiczny),Ślężna / Kamienna (Uniw. Ekonomiczny),1
1110,135714197,651013,2022-01-11 16:41:19,2022-01-11 16:49:29,Plac Powstańców Śląskich,Fosa Miejska ,9
1111,135714198,651476,2022-01-11 16:41:20,2022-01-11 16:49:32,Plac Powstańców Śląskich,Fosa Miejska ,9
1112,135710587,57737,2022-01-11 15:32:34,2022-01-11 16:49:34,Kamienna / Borowska (Aquapark),Nyska / Jesionowa,77
1113,135714505,57886,2022-01-11 16:46:40,2022-01-11 16:49:39,Wróblewskiego (ZOO),Wróblewskiego (Teki),3
1114,135714232,650637,2022-01-11 16:41:52,2022-01-11 16:49:42,Świdnicka / Piłsudskiego (Hotel Scandic),Żelazna / Pereca,8
1115,135713981,650052,2022-01-11 16:37:35,2022-01-11 16:50:10,Kazimierza Wielkiego (Helios),Plac Grunwaldzki / Polaka,13
1116,135710879,57602,2022-01-11 15:38:39,2022-01-11 16:50:23,Dyrekcyjna / Borowska (Wroclavia),Poza stacją,72
1117,135712309,650717,2022-01-11 16:06:07,2022-01-11 16:50:25,Rynek,Nowowiejska / Wyszyńskiego,45
1118,135714553,57422,2022-01-11 16:47:30,2022-01-11 16:50:43,Dyrekcyjna / Borowska (Wroclavia),Komandorska / Sanocka,4
1119,135714254,650151,2022-01-11 16:42:16,2022-01-11 16:51:32,Ślężna / Aleja Wiśniowa,Aleja Hallera / Mielecka,10
1120,135714059,651358,2022-01-11 16:38:54,2022-01-11 16:51:35,Ślężna / Kamienna (Uniw. Ekonomiczny),Kościuszki / Pułaskiego,13
1121,135714217,57931,2022-01-11 16:41:43,2022-01-11 16:51:52,Rondo Reagana,Żeromskiego / Daszyńskiego,11
1122,135714739,57602,2022-01-11 16:50:54,2022-01-11 16:52:12,Poza stacją,Plac Dominikański (Galeria Dominikańska),2
1123,135714351,650510,2022-01-11 16:43:54,2022-01-11 16:52:17,Młodych Techników,Kazimierza Wielkiego (Helios),9
1124,135713960,57169,2022-01-11 16:37:11,2022-01-11 16:52:23,Ślężna / Kamienna (Uniw. Ekonomiczny),Plac Grunwaldzki / Polaka,16
1125,135710832,57172,2022-01-11 15:37:49,2022-01-11 16:52:46,Grabiszyńska / Aleja Hallera,Poza stacją,75
1126,135714028,651262,2022-01-11 16:38:17,2022-01-11 16:54:08,Krakowska / Leroy Merlin,Piławska,16
1127,135714170,651132,2022-01-11 16:40:54,2022-01-11 16:55:58,Poza stacją,Poza stacją,16
1128,135714602,650594,2022-01-11 16:48:26,2022-01-11 16:56:02,Powstańców Śląskich/Orla,Powstańcow Śląskich / Aleja Hallera,8
1129,135714558,57358,2022-01-11 16:47:37,2022-01-11 16:56:03,Graniczna / Strzegomska,Mińska / Stanisławowska,9
1130,135714795,650699,2022-01-11 16:51:47,2022-01-11 16:56:11,Plac Jana Pawła II (Akademia Muzyczna),Plac Jana Pawła II (Akademia Muzyczna),5
1131,135714165,651384,2022-01-11 16:40:44,2022-01-11 16:56:12,Olszewskiego / Spółdzielcza,Łukasiewicza / Smoluchowskiego (PWr),16
1132,135715029,650556,2022-01-11 16:56:03,2022-01-11 16:56:23,Plac Grunwaldzki / Polaka,Plac Grunwaldzki / Polaka,1
1133,135714508,651318,2022-01-11 16:46:42,2022-01-11 16:56:29,Krzywoustego / Korona,Aleja Kromera,10
1134,135714884,650897,2022-01-11 16:53:19,2022-01-11 16:56:35,Gorlicka/Stanety,Gorlicka / Litewska,4
1135,135714879,650692,2022-01-11 16:53:16,2022-01-11 16:57:06,Bardzka (cmentarz),Piławska,4
1136,135714400,57771,2022-01-11 16:44:49,2022-01-11 16:57:23,al. Kochanowskiego / Kopernika,Plac Dominikański (Galeria Dominikańska),13
1137,135714561,57269,2022-01-11 16:47:38,2022-01-11 16:57:29,al. Kochanowskiego / Kopernika,Mickiewicza / pętla tramwajowa,10
1138,135714295,57613,2022-01-11 16:43:00,2022-01-11 16:57:48,Powstańców Śląskich (Arkady Wrocławskie),Drobnera / Plac Bema,15
1139,135714587,57450,2022-01-11 16:48:09,2022-01-11 16:58:16,Zwycięska / Ołtaszyńska,Skarbowców / Wietrzna,11
1140,135714093,651346,2022-01-11 16:39:37,2022-01-11 16:58:22,Przyjaźni,Borowska (Uniw. Szpital Kliniczny),19
1141,135714805,650253,2022-01-11 16:51:53,2022-01-11 16:58:22,Lotnicza / Na Ostatnim Groszu,Legnicka (Park Magnolia),7
1142,135714750,651388,2022-01-11 16:51:09,2022-01-11 16:59:10,al. Armii Krajowej / Borowska,al. Armii Krajowej / Bardzka,9
1143,135714822,651129,2022-01-11 16:52:10,2022-01-11 16:59:33,Nowowiejska / Wyszyńskiego,Plac Świętego Macieja / Trzebnicka,8
1144,135714461,650724,2022-01-11 16:45:52,2022-01-11 16:59:39,"Wrocław Leśnica, stacja kolejowa",Wojanowska / Arbuzowa ,14
1145,135714158,650919,2022-01-11 16:40:41,2022-01-11 17:00:02,Ślężna / Kamienna (Uniw. Ekonomiczny),Nowowiejska / Wyszyńskiego,20
1146,135715217,651494,2022-01-11 16:59:29,2022-01-11 17:00:40,al. Karkonoska / Jeździecka,al. Karkonoska / Jeździecka,2
1147,135714098,650511,2022-01-11 16:39:45,2022-01-11 17:00:42,Kazimierza Wielkiego (Helios),Na Ostatnim Groszu,21
1148,135714628,651341,2022-01-11 16:48:56,2022-01-11 17:01:02,Krzywoustego - Rynek Psie Pole,Krzywoustego / Korona,13
1149,135714539,650860,2022-01-11 16:47:20,2022-01-11 17:01:04,Kurkowa / Dubois,Popowice,14
1150,135714727,651158,2022-01-11 16:50:45,2022-01-11 17:01:38,Krakowska / Leroy Merlin,Traugutta / Pułaskiego,11
1151,135714848,651265,2022-01-11 16:52:51,2022-01-11 17:01:50,al. Armii Krajowej / Borowska,Powstańcow Śląskich / Aleja Hallera,9
1152,135715085,57385,2022-01-11 16:56:59,2022-01-11 17:02:17,Łukasiewicza / Smoluchowskiego (PWr),Łukasiewicza / Smoluchowskiego (PWr),6
1153,135713868,57401,2022-01-11 16:35:12,2022-01-11 17:02:19,Plac Uniwersytecki (UWr),Drobnera / Plac Bema,28
1154,135714840,651219,2022-01-11 16:52:32,2022-01-11 17:02:20,Sienkiewicza / Wyszyńskiego,Plac Dominikański (Galeria Dominikańska),10
1155,135714729,57165,2022-01-11 16:50:45,2022-01-11 17:02:27,Krzywoustego - Rynek Psie Pole,Gorlicka/Stanety,12
1156,135714772,650004,2022-01-11 16:51:32,2022-01-11 17:02:41,"Grochowa / Jemiołowa,",Pereca / Grabiszyńska,12
1157,135715081,650052,2022-01-11 16:56:56,2022-01-11 17:02:59,Plac Grunwaldzki / Polaka,Piaskowa / św. Ducha,7
1158,135715159,650897,2022-01-11 16:58:19,2022-01-11 17:03:04,Gorlicka / Litewska,Gorlicka/Stanety,5
1159,135714740,57330,2022-01-11 16:50:54,2022-01-11 17:03:12,Plac Dominikański (Galeria Dominikańska),Poza stacją,13
1160,135715277,650919,2022-01-11 17:00:45,2022-01-11 17:03:44,Nowowiejska / Wyszyńskiego,Jedności Narodowej / Wyszyńskiego,3
1161,135713979,57574,2022-01-11 16:37:33,2022-01-11 17:03:56,Dworzec Główny ,Kamieńskiego,27
1162,135714397,650885,2022-01-11 16:44:46,2022-01-11 17:04:06,Komandorska / Sanocka,Legnicka / Wejherowska,20
1163,135713579,650312,2022-01-11 16:29:47,2022-01-11 17:04:53,Nowowiejska / Jedności Narodowej,Drobnera / Dubois,36
1164,135715309,57072,2022-01-11 17:01:21,2022-01-11 17:05:07,Karwińska / Opolska,Gazowa / Międzyleska,4
1165,135715186,650251,2022-01-11 16:58:49,2022-01-11 17:05:24,Poniatowskiego / Oleśnicka,Sienkiewicza / Wyszyńskiego,7
1166,135715372,650041,2022-01-11 17:02:34,2022-01-11 17:05:35,Drobnera / Plac Bema,Drobnera / Dubois,4
1167,135715263,650253,2022-01-11 17:00:25,2022-01-11 17:06:27,Legnicka (Park Magnolia),Legnicka / Wejherowska,7
1168,135714971,651476,2022-01-11 16:54:53,2022-01-11 17:06:45,Fosa Miejska ,Legnicka / Młodych Techników,12
1169,135715301,651345,2022-01-11 17:01:14,2022-01-11 17:06:57,Rynek,Plac Dominikański (Galeria Dominikańska),6
1170,135715293,57451,2022-01-11 17:01:09,2022-01-11 17:07:23,Rynek,Drobnera / Plac Bema,7
1171,135714957,651301,2022-01-11 16:54:44,2022-01-11 17:07:31,Poniatowskiego / Oleśnicka,Młodych Techników,13
1172,135715303,57448,2022-01-11 17:01:14,2022-01-11 17:07:34,Poza stacją,Poza stacją,7
1173,135715209,57334,2022-01-11 16:59:19,2022-01-11 17:07:41,Ślężna / pętla tramwajowa,Zwycięska / Ołtaszyńska,9
1174,135715295,650505,2022-01-11 17:01:10,2022-01-11 17:07:42,Centrum Handlowe Auchan Bielany,Aleja Bielany,7
1175,135715011,651473,2022-01-11 16:55:44,2022-01-11 17:08:44,Świdnicka / Piłsudskiego (Hotel Scandic),Wyszyńskiego / Szczytnicka,13
1176,135715003,650455,2022-01-11 16:55:34,2022-01-11 17:09:03,Nowowiejska / Wyszyńskiego,Nowowiejska / Wyszyńskiego,14
1177,135715103,57526,2022-01-11 16:57:22,2022-01-11 17:09:42,Komandorska / Sanocka,Nyska / Jesionowa,13
1178,135714992,650510,2022-01-11 16:55:17,2022-01-11 17:09:56,Kazimierza Wielkiego (Helios),Nowowiejska / Górnickiego,15
1179,135714863,57632,2022-01-11 16:53:02,2022-01-11 17:11:02,Drobnera / Dubois,Sienkiewicza / Wyszyńskiego,18
1180,135715030,651324,2022-01-11 16:56:03,2022-01-11 17:11:08,Śrubowa / Strzegomska,Świdnicka / Piłsudskiego (Hotel Scandic),16
1181,135715589,651498,2022-01-11 17:06:07,2022-01-11 17:11:09,Poza stacją,Rondo Reagana,6
1182,135714825,650586,2022-01-11 16:52:14,2022-01-11 17:11:45,Aleja Hallera / Mielecka,Strzegomska / Rogowska ,20
1183,135715154,57269,2022-01-11 16:58:15,2022-01-11 17:12:14,Mickiewicza / pętla tramwajowa,Strachocińska / Wieśniacza,14
1184,135715726,651514,2022-01-11 17:08:18,2022-01-11 17:12:34,Popowice,Poza stacją,5
1185,135715320,650983,2022-01-11 17:01:33,2022-01-11 17:12:46,Tarnogajska / Klimasa,Traugutta / Kościuszki,12
1186,135715431,650725,2022-01-11 17:03:38,2022-01-11 17:12:55,Kamieńskiego,Bałtycka / Żmigrodzka,10
1187,135715475,651312,2022-01-11 17:04:15,2022-01-11 17:13:07,Dyrekcyjna / Borowska (Wroclavia),Nyska / Jesionowa,9
1188,135715088,650998,2022-01-11 16:57:01,2022-01-11 17:13:17,Borowska (Uniw. Szpital Kliniczny),Szczęśliwa (Sky Tower),17
1189,135715728,650750,2022-01-11 17:08:18,2022-01-11 17:13:25,Krzycka / Aleja Karkonoska (Park Południowy),Skarbowców / Wietrzna,6
1190,135715472,57305,2022-01-11 17:04:14,2022-01-11 17:13:29,Szewska / Kazimierza Wielkiego ,Młodych Techników,10
1191,135715553,650763,2022-01-11 17:05:29,2022-01-11 17:13:35,"Kosmonautów / Fieldorfa, szpital wojewódzki",Wojanowska / Arbuzowa ,9
1192,135714466,650660,2022-01-11 16:45:55,2022-01-11 17:13:44,Ślężna / Aleja Wiśniowa,Graniczna / Strzegomska,28
1193,135715616,651466,2022-01-11 17:06:35,2022-01-11 17:14:48,Szewska / Kazimierza Wielkiego ,Dyrekcyjna / Borowska (Wroclavia),9
1194,135715187,650090,2022-01-11 16:58:51,2022-01-11 17:15:23,Ślężna / Aleja Wiśniowa,Legnicka / Młodych Techników,17
1195,135715095,651318,2022-01-11 16:57:12,2022-01-11 17:15:26,Aleja Kromera,Gorlicka / Litewska,19
1196,135715438,650884,2022-01-11 17:03:45,2022-01-11 17:15:34,Plac Dominikański (Galeria Dominikańska),Dworzec Główny ,12
1197,135714599,57744,2022-01-11 16:48:21,2022-01-11 17:15:51,Kamienna / Borowska (Aquapark),al. Armii Krajowej / Tarnogajska,28
1198,135714639,651532,2022-01-11 16:49:11,2022-01-11 17:16:25,Plac Jana Pawła II (Akademia Muzyczna),Kościuszki / Komuny Paryskiej / Zgodna,28
1199,135715509,650699,2022-01-11 17:04:57,2022-01-11 17:17:01,Plac Jana Pawła II (Akademia Muzyczna),Plac Świętego Macieja / Trzebnicka,13
1200,135715905,57632,2022-01-11 17:11:40,2022-01-11 17:17:39,Sienkiewicza / Wyszyńskiego,Drobnera / Dubois,6
1201,135715721,57214,2022-01-11 17:08:17,2022-01-11 17:18:25,Legnicka (Park Magnolia),Lotnicza / Bajana,11
1202,135715369,651384,2022-01-11 17:02:33,2022-01-11 17:19:30,Łukasiewicza / Smoluchowskiego (PWr),Drobnera / Plac Bema,17
1203,135715340,57172,2022-01-11 17:02:00,2022-01-11 17:19:33,Poza stacją,Klecińska (Wrocław Grabiszyn),18
1204,135715247,57320,2022-01-11 17:00:06,2022-01-11 17:21:16,Jedności Narodowej / Wyszyńskiego,Rynek,22
1205,135714860,57217,2022-01-11 16:53:01,2022-01-11 17:21:29,Jagodzińska / Buforowa,Kościuszki / Komuny Paryskiej / Zgodna,29
1206,135715995,57809,2022-01-11 17:13:05,2022-01-11 17:21:46,Legnicka (Park Magnolia),Na Ostatnim Groszu,9
1207,135715874,651537,2022-01-11 17:11:05,2022-01-11 17:22:50,Promenady Wrocławskie,Plac Powstańców Warszawy (Muzeum Narodowe),12
1208,135715948,651345,2022-01-11 17:12:20,2022-01-11 17:23:27,Plac Dominikański (Galeria Dominikańska),Plac Strzegomski / Poznańska,12
1209,135716382,650621,2022-01-11 17:19:28,2022-01-11 17:24:54,Kazimierza Wielkiego (Helios),Świdnicka / Piłsudskiego (Hotel Scandic),6
1210,135715906,57738,2022-01-11 17:11:40,2022-01-11 17:25:19,Rynek,Grabiszyńska / Stalowa,14
1211,135716710,650817,2022-01-11 17:25:08,2022-01-11 17:25:23,Plac Grunwaldzki / Polaka,Plac Grunwaldzki / Polaka,1
1212,135716091,57886,2022-01-11 17:14:40,2022-01-11 17:25:26,Wróblewskiego (Teki),Rondo Reagana,11
1213,135716010,650983,2022-01-11 17:13:18,2022-01-11 17:25:36,Traugutta / Kościuszki,Sienkiewicza / Wyszyńskiego,13
1214,135715650,651158,2022-01-11 17:07:04,2022-01-11 17:25:39,Traugutta / Pułaskiego,Powstańcow Śląskich / Aleja Hallera,19
1215,135716429,651384,2022-01-11 17:20:12,2022-01-11 17:26:20,Drobnera / Plac Bema,Plac Staszica,7
1216,135716727,650556,2022-01-11 17:25:35,2022-01-11 17:26:33,Plac Grunwaldzki / Polaka,Plac Grunwaldzki / Polaka,1
1217,135716370,57140,2022-01-11 17:19:14,2022-01-11 17:27:02,al. Jana III Sobieskiego / stacja kolejowa,Zatorska / Królewska - pętla MPK,8
1218,135716794,650529,2022-01-11 17:26:49,2022-01-11 17:27:14,Grabiszyńska / Aleja Hallera,Grabiszyńska / Aleja Hallera,1
1219,135716065,651265,2022-01-11 17:14:14,2022-01-11 17:27:56,Powstańcow Śląskich / Aleja Hallera,Borowska (Uniw. Szpital Kliniczny),14
1220,135716161,57399,2022-01-11 17:15:46,2022-01-11 17:28:04,Plac Grunwaldzki / Polaka,Kurkowa / Dubois,13
1221,135716192,57840,2022-01-11 17:16:17,2022-01-11 17:28:10,Kozanowska/Pałucka,Pilczycka / Kozanowska,12
1222,135716706,651316,2022-01-11 17:25:02,2022-01-11 17:28:15,Pilczycka / Kozanowska,Kozanowska/Pałucka,4
1223,135716708,650180,2022-01-11 17:25:02,2022-01-11 17:29:34,Lotnicza / Na Ostatnim Groszu,Lotnicza / Bajana,5
1224,135716245,57465,2022-01-11 17:17:12,2022-01-11 17:29:39,Tarnogajska / Klimasa,Kamienna / Borowska (Aquapark),13
1225,135716607,651514,2022-01-11 17:23:20,2022-01-11 17:29:45,Poza stacją,Legnicka (Park Magnolia),7
1226,135716348,651498,2022-01-11 17:18:56,2022-01-11 17:30:23,Rondo Reagana,Kurkowa / Dubois,12
1227,135715266,651160,2022-01-11 17:00:27,2022-01-11 17:30:45,al. Jana III Sobieskiego / stacja kolejowa,Poza stacją,31
1228,135717026,57842,2022-01-11 17:30:40,2022-01-11 17:31:14,Ślężna / Aleja Wiśniowa,Ślężna / Aleja Wiśniowa,1
1229,135716191,650759,2022-01-11 17:16:17,2022-01-11 17:31:20,Grabiszyńska / Magazynierska (Corte Verona),Szczęśliwa (Sky Tower),16
1230,135716457,650425,2022-01-11 17:20:35,2022-01-11 17:32:34,Legnicka (Park Magnolia),Plac Strzegomski / Poznańska,12
1231,135716751,57886,2022-01-11 17:26:02,2022-01-11 17:33:47,Rondo Reagana,Sienkiewicza / Wyszyńskiego,8
1232,135712047,650789,2022-01-11 16:01:17,2022-01-11 17:33:48,Aleja Kromera,Plac Świętego Macieja / Trzebnicka,93
1233,135716795,57169,2022-01-11 17:26:49,2022-01-11 17:34:20,Plac Grunwaldzki / Polaka,Kościuszki / Pułaskiego,8
1234,135716299,650246,2022-01-11 17:18:16,2022-01-11 17:34:27,Kazimierza Wielkiego (Helios),Wróblewskiego (ZOO),17
1235,135716472,57632,2022-01-11 17:20:59,2022-01-11 17:35:35,Drobnera / Dubois,Drobnera / Dubois,15
1236,135716736,650510,2022-01-11 17:25:44,2022-01-11 17:35:46,Nowowiejska / Górnickiego,Plac Dominikański (Galeria Dominikańska),11
1237,135716628,57673,2022-01-11 17:23:40,2022-01-11 17:35:54,Grabiszyńska / Magazynierska (Corte Verona),Traktatowa (przystanek kolejowy),13
1238,135717131,650312,2022-01-11 17:32:25,2022-01-11 17:36:37,Drobnera / Dubois,Plac Uniwersytecki (UWr),5
1239,135716936,57948,2022-01-11 17:28:54,2022-01-11 17:36:55,Promenady Wrocławskie,Aleja Kromera,9
1240,135717171,651324,2022-01-11 17:33:22,2022-01-11 17:37:47,Świdnicka / Piłsudskiego (Hotel Scandic),Szczęśliwa (Sky Tower),5
1241,135716518,651013,2022-01-11 17:21:30,2022-01-11 17:37:59,Fosa Miejska ,Plac Świętego Macieja / Trzebnicka,17
1242,135716913,650048,2022-01-11 17:28:35,2022-01-11 17:38:23,Strzegomska / Estońska,Tyrmanda / Trawowa,10
1243,135717242,650272,2022-01-11 17:34:48,2022-01-11 17:38:29,Opolska / pętla tramwajowa,Poza stacją,4
1244,135717438,57529,2022-01-11 17:38:01,2022-01-11 17:38:35,Grabiszyńska / Stalowa,Grabiszyńska / Stalowa,1
1245,135716745,651486,2022-01-11 17:25:53,2022-01-11 17:39:07,Powstańców Śląskich/Orla,Kamienna / Borowska (Aquapark),14
1246,135717457,650402,2022-01-11 17:38:19,2022-01-11 17:39:18,Nowowiejska / Górnickiego,Nowowiejska / Górnickiego,1
1247,135717116,651473,2022-01-11 17:32:11,2022-01-11 17:42:14,Wyszyńskiego / Szczytnicka,Żeromskiego / Daszyńskiego,11
1248,135717409,651338,2022-01-11 17:37:36,2022-01-11 17:42:32,Powstańców Śląskich/Orla,Ślężna / Skierniewicka,5
1249,135716757,650453,2022-01-11 17:26:08,2022-01-11 17:42:40,Legnicka (Park Magnolia),Pilczycka / Koszykarska,17
1250,135714789,57476,2022-01-11 16:51:44,2022-01-11 17:42:54,Kazimierza Wielkiego (Helios),Reymonta / Kleczkowska,52
1251,135714781,650567,2022-01-11 16:51:36,2022-01-11 17:42:57,Kazimierza Wielkiego (Helios),Reymonta / Kleczkowska,52
1252,135716853,650535,2022-01-11 17:27:36,2022-01-11 17:43:20,"Grochowa / Jemiołowa,",Szewska / Kazimierza Wielkiego ,16
1253,135716967,57451,2022-01-11 17:29:20,2022-01-11 17:43:27,Drobnera / Plac Bema,Poza stacją,15
1254,135717538,651236,2022-01-11 17:39:52,2022-01-11 17:43:28,Szczęśliwa (Sky Tower),Zaporoska / Gajowicka,4
1255,135717563,650958,2022-01-11 17:40:15,2022-01-11 17:43:54,Opolska / Siemianowicka,Opolska / pętla tramwajowa,4
1256,135710928,650855,2022-01-11 15:39:39,2022-01-11 17:44:09,Wróblewskiego (Teki),Mickiewicza / pętla tramwajowa,125
1257,135713140,651069,2022-01-11 16:21:22,2022-01-11 17:44:36,Fosa Miejska ,pl. Orląt Lwowskich,84
1258,135717386,650510,2022-01-11 17:37:11,2022-01-11 17:45:21,Plac Dominikański (Galeria Dominikańska),pl. Orląt Lwowskich,9
1259,135717425,57153,2022-01-11 17:37:51,2022-01-11 17:46:19,Poza stacją,Nowowiejska / Wyszyńskiego,9
1260,135717343,57689,2022-01-11 17:36:22,2022-01-11 17:46:44,Mościckiego (stacja kolejowa),Opolska / Siemianowicka,11
1261,135716969,57840,2022-01-11 17:29:22,2022-01-11 17:46:45,Pilczycka / Kozanowska,Kozanowska / Pilczycka,18
1262,135717844,651275,2022-01-11 17:45:10,2022-01-11 17:47:00,Otyńska,Traktatowa (przystanek kolejowy),2
1263,135717637,650906,2022-01-11 17:41:44,2022-01-11 17:47:01,Kamienna / Tomaszowska,Dyrekcyjna / Borowska (Wroclavia),6
1264,135717218,57190,2022-01-11 17:34:20,2022-01-11 17:47:03,Buforowa - Vivaldiego,Poza stacją,13
1265,135717652,651004,2022-01-11 17:42:01,2022-01-11 17:47:38,Powstańcow Śląskich / Aleja Hallera,Aleja Hallera / Mielecka,6
1266,135717141,57320,2022-01-11 17:32:35,2022-01-11 17:48:00,Rynek,Nowowiejska / Górnickiego,16
1267,135717999,57232,2022-01-11 17:47:45,2022-01-11 17:48:06,Kamienna / Tomaszowska,Kamienna / Tomaszowska,1
1268,135717069,650785,2022-01-11 17:31:24,2022-01-11 17:48:23,Nowowiejska / Jedności Narodowej,Żmigrodzka / Broniewskiego,17
1269,135717281,650919,2022-01-11 17:35:27,2022-01-11 17:48:32,Jedności Narodowej / Wyszyńskiego,Obornicka / Bałtycka,14
1270,135702148,650521,2022-01-11 12:17:53,2022-01-11 17:48:44,"Paprotna / Obornicka, zajezdnia MPK",Waniliowa / Cynamonowa,331
1271,135705294,650838,2022-01-11 13:33:59,2022-01-11 17:48:53,Nowowiejska / Wyszyńskiego,Nowowiejska / Jedności Narodowej,255
1272,135717329,650379,2022-01-11 17:36:05,2022-01-11 17:49:09,Promenady Wrocławskie,Plac Dominikański (Galeria Dominikańska),14
1273,135717671,650637,2022-01-11 17:42:17,2022-01-11 17:49:50,Żelazna / Pereca,Grabiszyńska / Magazynierska (Corte Verona),8
1274,135717760,650052,2022-01-11 17:43:43,2022-01-11 17:49:51,Piaskowa / św. Ducha,Plac Grunwaldzki / Polaka,7
1275,135717575,651112,2022-01-11 17:40:24,2022-01-11 17:49:58,Dyrekcyjna / Borowska (Wroclavia),Komandorska / Kamienna,10
1276,135717324,651492,2022-01-11 17:36:02,2022-01-11 17:50:03,Joliot-Curie (Uwr),Szewska / Kazimierza Wielkiego ,15
1277,135716692,57194,2022-01-11 17:24:53,2022-01-11 17:50:05,Zaporoska / Grabiszyńska,Sienkiewicza / Piastowska,26
1278,135717550,57274,2022-01-11 17:40:01,2022-01-11 17:50:21,Powstańcow Śląskich / Aleja Hallera,Zaporoska / Grabiszyńska,11
1279,135716864,651158,2022-01-11 17:27:46,2022-01-11 17:50:27,Powstańcow Śląskich / Aleja Hallera,Konduktorska,23
1280,135717766,57334,2022-01-11 17:43:45,2022-01-11 17:50:46,Zwycięska / Ołtaszyńska,Zwycięska / Ołtaszyńska,8
1281,135717774,650529,2022-01-11 17:43:50,2022-01-11 17:50:49,Grabiszyńska / Aleja Hallera,Grabiszyńska / Stalowa,7
1282,135716996,650650,2022-01-11 17:30:01,2022-01-11 17:50:53,Śrubowa / Strzegomska,Poza stacją,21
1283,135717845,57004,2022-01-11 17:45:11,2022-01-11 17:51:57,Czekoladowa / Wałbrzyska,Czekoladowa / Wałbrzyska,7
1284,135717599,57836,2022-01-11 17:40:51,2022-01-11 17:52:04,Żeromskiego / Daszyńskiego,Poza stacją,12
1285,135717927,57096,2022-01-11 17:46:31,2022-01-11 17:52:06,Dyrekcyjna / Borowska (Wroclavia),Świdnicka / Piłsudskiego (Hotel Scandic),6
1286,135717906,57742,2022-01-11 17:46:10,2022-01-11 17:52:36,Wita Stwosza / Szewska,Piaskowa / św. Ducha,7
1287,135717413,650603,2022-01-11 17:37:42,2022-01-11 17:53:30,Legnicka / Zachodnia ,Szewska / Kazimierza Wielkiego ,16
1288,135718203,650553,2022-01-11 17:51:30,2022-01-11 17:53:50,Fosa Miejska ,Fosa Miejska ,3
1289,135718070,57450,2022-01-11 17:49:07,2022-01-11 17:53:58,Skarbowców / Wietrzna,Przyjaźni / Karkonoska,5
1290,135718300,650402,2022-01-11 17:53:25,2022-01-11 17:54:07,Wyszyńskiego / Szczytnicka,Wyszyńskiego / Szczytnicka,1
1291,135717597,651071,2022-01-11 17:40:50,2022-01-11 17:54:43,Lotnicza / Na Ostatnim Groszu,Hermanowska / Kołobrzeska,14
1292,135717712,650437,2022-01-11 17:42:59,2022-01-11 17:55:12,Plac Grunwaldzki (DS Ołówek),Piaskowa / św. Ducha,13
1293,135717636,57255,2022-01-11 17:41:44,2022-01-11 17:56:18,Nowowiejska / Wyszyńskiego,Poza stacją,15
1294,135718028,57164,2022-01-11 17:48:18,2022-01-11 17:57:33,Kamienna / Tomaszowska,Dworzec Główny ,10
1295,135718110,57755,2022-01-11 17:50:01,2022-01-11 17:57:35,Dyrekcyjna / Borowska (Wroclavia),Kościuszki / Komuny Paryskiej / Zgodna,8
1296,135717777,57632,2022-01-11 17:43:52,2022-01-11 17:58:33,Drobnera / Dubois,Drobnera / Dubois,15
1297,135718208,57744,2022-01-11 17:51:39,2022-01-11 17:58:35,al. Armii Krajowej / Tarnogajska,Krakowska / Leroy Merlin,7
1298,135718289,57202,2022-01-11 17:53:06,2022-01-11 17:58:36,Piaskowa / św. Ducha,Drobnera / Plac Bema,6
1299,135718250,650998,2022-01-11 17:52:33,2022-01-11 17:58:48,Szczęśliwa (Sky Tower),"Dworzec Główny, południe",7
1300,135717792,651230,2022-01-11 17:44:06,2022-01-11 17:58:49,"Dworzec Główny, południe",Żelazna / Pereca,15
1301,135718149,650594,2022-01-11 17:50:36,2022-01-11 17:59:28,Powstańcow Śląskich / Aleja Hallera,Aleja Hallera / Mielecka,9
1302,135718018,650866,2022-01-11 17:48:06,2022-01-11 17:59:38,Grabiszyńska / Stalowa,Kazimierza Wielkiego (Helios),12
1303,135717977,57840,2022-01-11 17:47:22,2022-01-11 18:00:37,Kozanowska / Pilczycka,Kozanowska/Pałucka,14
1304,135718560,650437,2022-01-11 17:57:46,2022-01-11 18:00:51,Piaskowa / św. Ducha,Plac Dominikański (Galeria Dominikańska),4
1305,135711317,651060,2022-01-11 15:47:52,2022-01-11 18:00:54,Mińska / Stanisławowska,Poza stacją,134
1306,135718303,57519,2022-01-11 17:53:27,2022-01-11 18:00:55,Piaskowa / św. Ducha,Kazimierza Wielkiego (Helios),8
1307,135717128,57786,2022-01-11 17:32:23,2022-01-11 18:01:06,Fosa Miejska ,Fosa Miejska ,29
1308,135718754,57842,2022-01-11 18:01:05,2022-01-11 18:01:38,al. Armii Krajowej / Borowska,al. Armii Krajowej / Borowska,1
1309,135718321,57742,2022-01-11 17:53:52,2022-01-11 18:01:54,Piaskowa / św. Ducha,Poniatowskiego / Oleśnicka,9
1310,135718262,57321,2022-01-11 17:52:45,2022-01-11 18:02:26,Żmigrodzka / Marino,Obornicka / Bałtycka,10
1311,135717904,651132,2022-01-11 17:46:09,2022-01-11 18:02:40,Poza stacją,Poza stacją,17
1312,135718636,650759,2022-01-11 17:58:59,2022-01-11 18:02:43,Szczęśliwa (Sky Tower),Zaporoska / Gajowicka,4
1313,135718701,651540,2022-01-11 18:00:03,2022-01-11 18:03:05,Kazimierza Wielkiego (Helios),Plac Jana Pawła II (Akademia Muzyczna),4
1314,135718575,650433,2022-01-11 17:58:06,2022-01-11 18:03:25,Wróblewskiego (Teki),Partyzantów / Okrzei,6
1315,135718401,651217,2022-01-11 17:55:14,2022-01-11 18:03:35,Reymonta / Kleczkowska,Plac Staszica,9
1316,135718477,650567,2022-01-11 17:56:29,2022-01-11 18:03:42,Reymonta / Kleczkowska,Plac Staszica,8
1317,135718076,651248,2022-01-11 17:49:13,2022-01-11 18:04:05,Mickiewicza / pętla tramwajowa,al. Brücknera / Kwidzyńska,15
1318,135718490,651375,2022-01-11 17:56:38,2022-01-11 18:04:14,Kamienna / Borowska (Aquapark),al. Armii Krajowej / Bardzka,8
1319,135718707,650356,2022-01-11 18:00:11,2022-01-11 18:04:15,Legnicka (Park Magnolia),Poza stacją,5
1320,135717922,57488,2022-01-11 17:46:27,2022-01-11 18:04:30,Jedności Narodowej / Wyszyńskiego,Świdnicka / Piłsudskiego (Hotel Scandic),19
1321,135718911,57202,2022-01-11 18:03:30,2022-01-11 18:04:31,Drobnera / Plac Bema,Drobnera / Plac Bema,2
1322,135718029,651265,2022-01-11 17:48:18,2022-01-11 18:04:32,Borowska (Uniw. Szpital Kliniczny),Dyrekcyjna / Borowska (Wroclavia),17
1323,135712577,650813,2022-01-11 16:10:54,2022-01-11 18:04:44,Wyszyńskiego / Szczytnicka,Jedności Narodowej / Wyszyńskiego,114
1324,135718261,57096,2022-01-11 17:52:45,2022-01-11 18:06:38,Świdnicka / Piłsudskiego (Hotel Scandic),Plac Jana Pawła II (Akademia Muzyczna),14
1325,135718714,650777,2022-01-11 18:00:17,2022-01-11 18:06:43,Poza stacją,Zaporoska / Grabiszyńska,7
1326,135718764,650594,2022-01-11 18:01:12,2022-01-11 18:06:43,Aleja Hallera / Mielecka,Zaporoska / Wielka / Krucza,6
1327,135717997,57948,2022-01-11 17:47:43,2022-01-11 18:07:37,Aleja Kromera,Kazimierza Wielkiego (Helios),20
1328,135717887,57821,2022-01-11 17:45:52,2022-01-11 18:07:44,Czekoladowa / Wałbrzyska,Ślężna / pętla tramwajowa,22
1329,135718965,651324,2022-01-11 18:04:15,2022-01-11 18:08:08,Szczęśliwa (Sky Tower),Powstańców Śląskich (Arkady Wrocławskie),4
1330,135718333,650892,2022-01-11 17:54:05,2022-01-11 18:08:25,Fosa Miejska ,Wyszyńskiego / Szczytnicka,15
1331,135718914,651346,2022-01-11 18:03:34,2022-01-11 18:10:01,Borowska (Uniw. Szpital Kliniczny),Kamienna / Borowska (Aquapark),7
1332,135716686,650389,2022-01-11 17:24:46,2022-01-11 18:10:53,Klecińska (Wrocław Grabiszyn),Aleja Bielany,47
1333,135718064,57401,2022-01-11 17:49:03,2022-01-11 18:11:03,Drobnera / Plac Bema,Plac Powstańców Śląskich,22
1334,135718050,650142,2022-01-11 17:48:46,2022-01-11 18:11:08,Drobnera / Plac Bema,Plac Powstańców Śląskich,23
1335,135719039,57602,2022-01-11 18:05:19,2022-01-11 18:12:31,Plac Dominikański (Galeria Dominikańska),Wyszyńskiego / Szczytnicka,8
1336,135718703,57845,2022-01-11 18:00:03,2022-01-11 18:12:36,Stacyjna (Dworzec Mikołajów),Plac Jana Pawła II (Akademia Muzyczna),13
1337,135718771,650998,2022-01-11 18:01:23,2022-01-11 18:12:39,"Dworzec Główny, południe",Kamienna / Tomaszowska,12
1338,135718741,651515,2022-01-11 18:00:51,2022-01-11 18:13:38,Poza stacją,Legnicka (Park Magnolia),13
1339,135719466,650038,2022-01-11 18:13:19,2022-01-11 18:13:50,Wróblewskiego (Teki),Wróblewskiego (Teki),1
1340,135718889,57911,2022-01-11 18:03:09,2022-01-11 18:14:00,Prochowicka / Dolnobrzeska,Poza stacją,11
1341,135719516,57488,2022-01-11 18:14:03,2022-01-11 18:14:28,Świdnicka / Piłsudskiego (Hotel Scandic),Świdnicka / Piłsudskiego (Hotel Scandic),1
1342,135719497,57893,2022-01-11 18:13:47,2022-01-11 18:14:30,Centrum Handlowe Auchan Bielany,Centrum Handlowe Auchan Bielany,1
1343,135719392,57153,2022-01-11 18:11:37,2022-01-11 18:15:06,Nowowiejska / Wyszyńskiego,Nowowiejska / Górnickiego,4
1344,135718974,57843,2022-01-11 18:04:20,2022-01-11 18:15:18,"Dworzec Główny, południe",Na Grobli (PWr - Geocentrum),11
1345,135719111,651498,2022-01-11 18:06:38,2022-01-11 18:15:48,Kurkowa / Dubois,Młodych Techników,10
1346,135718833,57742,2022-01-11 18:02:27,2022-01-11 18:16:30,Poniatowskiego / Oleśnicka,Plac Dominikański (Galeria Dominikańska),15
1347,135717747,651537,2022-01-11 17:43:33,2022-01-11 18:18:33,Plac Powstańców Warszawy (Muzeum Narodowe),Plac Powstańców Warszawy (Muzeum Narodowe),35
1348,135718961,57386,2022-01-11 18:04:12,2022-01-11 18:18:33,Powstańcow Śląskich / Aleja Hallera,Borowska (Uniw. Szpital Kliniczny),15
1349,135718969,650991,2022-01-11 18:04:16,2022-01-11 18:18:41,Poza stacją,Świdnicka / Piłsudskiego (Hotel Scandic),15
1350,135718909,57632,2022-01-11 18:03:30,2022-01-11 18:18:43,Drobnera / Dubois,Sienkiewicza / Piastowska,16
1351,135719781,650402,2022-01-11 18:18:58,2022-01-11 18:19:35,Nowowiejska / Wyszyńskiego,Nowowiejska / Wyszyńskiego,1
1352,135719090,650838,2022-01-11 18:06:16,2022-01-11 18:20:18,Nowowiejska / Jedności Narodowej,Nowowiejska / Wyszyńskiego,15
1353,135718362,57592,2022-01-11 17:54:38,2022-01-11 18:20:22,Dworzec Główny ,Legnicka / Wejherowska,26
1354,135719531,57448,2022-01-11 18:14:20,2022-01-11 18:21:11,Poza stacją,Poza stacją,7
1355,135719013,651248,2022-01-11 18:04:54,2022-01-11 18:21:16,al. Brücknera / Kwidzyńska,Kamieńskiego / Jutrosińska,17
1356,135719418,650892,2022-01-11 18:12:04,2022-01-11 18:21:33,Wyszyńskiego / Szczytnicka,Poniatowskiego / Oleśnicka,10
1357,135719845,651514,2022-01-11 18:20:04,2022-01-11 18:22:23,Legnicka (Park Magnolia),Legnicka (Park Magnolia),3
1358,135719607,57138,2022-01-11 18:15:48,2022-01-11 18:22:31,Dworzec Główny ,Plac Legionów,7
1359,135719547,650621,2022-01-11 18:14:35,2022-01-11 18:22:54,Świdnicka / Piłsudskiego (Hotel Scandic),Szewska / Kazimierza Wielkiego ,9
1360,135719552,650389,2022-01-11 18:14:39,2022-01-11 18:23:47,Aleja Bielany,Centrum Handlowe Auchan Bielany,10
1361,135719307,650189,2022-01-11 18:10:12,2022-01-11 18:24:25,Skarbowców / Wietrzna,Zwycięska / Ołtaszyńska,15
1362,135719643,57357,2022-01-11 18:16:33,2022-01-11 18:25:48,Poza stacją,Powstańcow Śląskich / Aleja Hallera,10
1363,135719288,650847,2022-01-11 18:09:50,2022-01-11 18:26:03,Norwida / Wyspiańskiego (PWr),Dworzec Główny ,17
1364,135719996,651161,2022-01-11 18:23:05,2022-01-11 18:26:49,al. Armii Krajowej / Bardzka,Świeradowska / Krynicka,4
1365,135719987,57209,2022-01-11 18:22:58,2022-01-11 18:26:57,Świeradowska / Krynicka,al. Armii Krajowej / Bardzka,4
1366,135719631,650553,2022-01-11 18:16:18,2022-01-11 18:27:34,Fosa Miejska ,Plac Świętego Macieja / Trzebnicka,12
1367,135719105,650290,2022-01-11 18:06:33,2022-01-11 18:28:07,Przyjaźni / Karkonoska,Grota-Roweckiego / Parafialna,22
1368,135714575,650029,2022-01-11 16:47:56,2022-01-11 18:28:11,Wróblewskiego (Teki),Partyzantów / Okrzei,101
1369,135719365,650699,2022-01-11 18:11:20,2022-01-11 18:28:37,Plac Świętego Macieja / Trzebnicka,Gliniana / Gajowa,18
1370,135719883,650142,2022-01-11 18:20:54,2022-01-11 18:29:03,Plac Powstańców Śląskich,Aleja Hallera / Mielecka,9
1371,135719859,57143,2022-01-11 18:20:20,2022-01-11 18:29:54,Żeromskiego / Daszyńskiego,Aleja Kromera,10
1372,135719431,57744,2022-01-11 18:12:26,2022-01-11 18:30:00,Krakowska / Leroy Merlin,Piławska,18
1373,135720306,57202,2022-01-11 18:28:56,2022-01-11 18:30:28,Drobnera / Plac Bema,Drobnera / Plac Bema,2
1374,135719799,57632,2022-01-11 18:19:16,2022-01-11 18:30:37,Sienkiewicza / Piastowska,Drobnera / Dubois,12
1375,135720264,650925,2022-01-11 18:28:10,2022-01-11 18:31:04,Prochowicka / Dolnobrzeska,Średzka / Dolnobrzeska ,3
1376,135719447,650866,2022-01-11 18:12:48,2022-01-11 18:31:30,Kazimierza Wielkiego (Helios),Nowowiejska / Górnickiego,19
1377,135720239,57176,2022-01-11 18:27:46,2022-01-11 18:33:01,Prochowicka / Dolnobrzeska,Prochowicka / Dolnobrzeska,6
1378,135719921,57194,2022-01-11 18:21:35,2022-01-11 18:33:20,Sienkiewicza / Piastowska,Aleja Kromera,12
1379,135719672,57742,2022-01-11 18:17:08,2022-01-11 18:33:44,Plac Dominikański (Galeria Dominikańska),Wita Stwosza / Szewska,17
1380,135719658,57771,2022-01-11 18:16:51,2022-01-11 18:33:50,Plac Dominikański (Galeria Dominikańska),Wita Stwosza / Szewska,17
1381,135719963,650594,2022-01-11 18:22:27,2022-01-11 18:35:33,Zaporoska / Wielka / Krucza,"Dworzec Główny, południe",14
1382,135720249,650515,2022-01-11 18:27:54,2022-01-11 18:36:13,Berenta / Kasprowicza,Żeromskiego / Daszyńskiego,9
1383,135720233,57171,2022-01-11 18:27:42,2022-01-11 18:36:54,Fosa Miejska ,Plac Powstańców Śląskich,10
1384,135720223,57786,2022-01-11 18:27:30,2022-01-11 18:36:56,Fosa Miejska ,Plac Powstańców Śląskich,10
1385,135719683,57226,2022-01-11 18:17:15,2022-01-11 18:37:42,Koszarowa / UWr,pl. Powstańców Wielkopolskich,21
1386,135720156,650223,2022-01-11 18:26:10,2022-01-11 18:37:44,Piaskowa / św. Ducha,Kraszewskiego / Trzebnicka,12
1387,135716020,650291,2022-01-11 17:13:36,2022-01-11 18:38:38,Zwycięska / Ołtaszyńska,Kutrzeby / Hubala,86
1388,135720077,650389,2022-01-11 18:24:47,2022-01-11 18:38:38,Centrum Handlowe Auchan Bielany,Zwycięska / Ołtaszyńska,14
1389,135717327,650684,2022-01-11 17:36:05,2022-01-11 18:38:51,Legnicka / Młodych Techników,Lotnicza / Bajana,63
1390,135720035,57448,2022-01-11 18:24:08,2022-01-11 18:39:00,Poza stacją,Poza stacją,15
1391,135720520,650650,2022-01-11 18:33:14,2022-01-11 18:39:22,Poza stacją,al. Armii Krajowej / Borowska,7
1392,135720837,651338,2022-01-11 18:39:22,2022-01-11 18:39:37,Ślężna / Skierniewicka,Ślężna / Skierniewicka,1
1393,135720537,650379,2022-01-11 18:33:49,2022-01-11 18:40:40,Plac Dominikański (Galeria Dominikańska),Walońska (Angel Poland Group),7
1394,135720570,57138,2022-01-11 18:34:23,2022-01-11 18:42:10,Plac Legionów,Dworzec Główny ,8
1395,135720436,57386,2022-01-11 18:31:36,2022-01-11 18:43:04,Borowska (Uniw. Szpital Kliniczny),Powstańcow Śląskich / Aleja Hallera,12
1396,135720504,57451,2022-01-11 18:32:57,2022-01-11 18:43:16,Poza stacją,Szewska / Kazimierza Wielkiego ,11
1397,135719919,57903,2022-01-11 18:21:33,2022-01-11 18:43:34,Grota-Roweckiego / Parafialna,Hallera / Odkrywców,23
1398,135720363,651492,2022-01-11 18:30:09,2022-01-11 18:44:24,Szewska / Kazimierza Wielkiego ,al. Armii Krajowej / Borowska,15
1399,135720369,651334,2022-01-11 18:30:15,2022-01-11 18:44:41,Aleja Hallera / Mielecka,Aleja Hallera / Mielecka,15
1400,135720573,57742,2022-01-11 18:34:24,2022-01-11 18:45:07,Wita Stwosza / Szewska,Plac Uniwersytecki (UWr),11
1401,135720577,57771,2022-01-11 18:34:34,2022-01-11 18:45:09,Wita Stwosza / Szewska,Plac Uniwersytecki (UWr),11
1402,135720680,57501,2022-01-11 18:36:32,2022-01-11 18:45:24,Gazowa / Międzyleska,Bardzka (cmentarz),9
1403,135721165,57572,2022-01-11 18:45:41,2022-01-11 18:46:15,Szczęśliwa (Sky Tower),Szczęśliwa (Sky Tower),1
1404,135720927,651358,2022-01-11 18:41:14,2022-01-11 18:46:45,Kościuszki / Pułaskiego,Dworzec Główny ,6
1405,135720572,651486,2022-01-11 18:34:23,2022-01-11 18:47:22,Kamienna / Borowska (Aquapark),Tarnogajska / Klimasa,13
1406,135720846,57334,2022-01-11 18:39:34,2022-01-11 18:47:36,Zwycięska / Ołtaszyńska,Kutrzeby / Hubala,9
1407,135720507,650866,2022-01-11 18:32:58,2022-01-11 18:47:54,Nowowiejska / Górnickiego,Plac Grunwaldzki / Polaka,15
1408,135720847,57448,2022-01-11 18:39:35,2022-01-11 18:47:59,Poza stacją,Poza stacją,9
1409,135721009,57968,2022-01-11 18:42:48,2022-01-11 18:48:37,Klecińska (Wrocław Grabiszyn),Klecińska (Wrocław Grabiszyn),6
1410,135721054,650320,2022-01-11 18:43:47,2022-01-11 18:48:48,Żmigrodzka / Broniewskiego,Bezpieczna / Obornicka,6
1411,135720459,650553,2022-01-11 18:32:06,2022-01-11 18:49:25,Plac Świętego Macieja / Trzebnicka,Berenta / Kasprowicza,18
1412,135720453,650789,2022-01-11 18:31:56,2022-01-11 18:49:32,Plac Świętego Macieja / Trzebnicka,Berenta / Kasprowicza,18
1413,135720944,650636,2022-01-11 18:41:28,2022-01-11 18:50:52,Plac Jana Pawła II (Akademia Muzyczna),Plac Uniwersytecki (UWr),10
1414,135721022,57628,2022-01-11 18:43:01,2022-01-11 18:51:26,Popowice,Legnicka (Park Magnolia),9
1415,135720899,651338,2022-01-11 18:40:39,2022-01-11 18:51:27,Ślężna / Skierniewicka,Skarbowców / Wietrzna,11
1416,135720581,651300,2022-01-11 18:34:46,2022-01-11 18:51:51,Grota-Roweckiego/Iwaszkiewicza,Buforowa - Vivaldiego,18
1417,135721123,57043,2022-01-11 18:45:05,2022-01-11 18:51:52,Bardzka (cmentarz),Świeradowska / Krynicka,7
1418,135720766,650594,2022-01-11 18:38:11,2022-01-11 18:51:57,"Dworzec Główny, południe",Borowska (Uniw. Szpital Kliniczny),14
1419,135720685,57632,2022-01-11 18:36:36,2022-01-11 18:52:27,Drobnera / Dubois,Żeromskiego / Daszyńskiego,16
1420,135721550,57842,2022-01-11 18:52:30,2022-01-11 18:53:02,"Dworzec Główny, południe","Dworzec Główny, południe",1
1421,135721324,650650,2022-01-11 18:48:26,2022-01-11 18:53:15,al. Armii Krajowej / Borowska,Kamienna / Borowska (Aquapark),5
1422,135720484,57060,2022-01-11 18:32:36,2022-01-11 18:53:22,Poza stacją,Popowice,21
1423,135719510,650312,2022-01-11 18:13:56,2022-01-11 18:53:25,Plac Uniwersytecki (UWr),Plac Powstańców Śląskich,40
1424,135720894,650759,2022-01-11 18:40:33,2022-01-11 18:54:14,Zaporoska / Gajowicka,"Dworzec Główny, południe",14
1425,135720683,651122,2022-01-11 18:36:34,2022-01-11 18:54:31,Fosa Miejska ,Promenady Wrocławskie,18
1426,135721483,650298,2022-01-11 18:51:28,2022-01-11 18:54:34,Czekoladowa / Wałbrzyska,Czekoladowa / Wałbrzyska,4
1427,135720840,57888,2022-01-11 18:39:25,2022-01-11 18:54:41,Koszarowa / UWr,Drobnera / Plac Bema,16
1428,135721343,650437,2022-01-11 18:48:40,2022-01-11 18:55:09,Plac Dominikański (Galeria Dominikańska),Walońska (Angel Poland Group),7
1429,135721073,57108,2022-01-11 18:44:08,2022-01-11 18:55:22,Zachodnia / Poznańska,Poza stacją,12
1430,135720632,650618,2022-01-11 18:35:41,2022-01-11 18:55:31,Jagodzińska / Buforowa,Kamienna / Borowska (Aquapark),20
1431,135721707,650597,2022-01-11 18:55:31,2022-01-11 18:55:55,Skarbowców / Wietrzna,Skarbowców / Wietrzna,1
1432,135721721,57613,2022-01-11 18:55:54,2022-01-11 18:56:21,Drobnera / Plac Bema,Drobnera / Plac Bema,1
1433,135721189,57742,2022-01-11 18:46:07,2022-01-11 18:56:50,Plac Uniwersytecki (UWr),Plac Uniwersytecki (UWr),11
1434,135721041,57557,2022-01-11 18:43:25,2022-01-11 18:56:52,Wróblewskiego (Teki),Na Grobli (PWr - Geocentrum),14
1435,135721194,57771,2022-01-11 18:46:13,2022-01-11 18:56:54,Plac Uniwersytecki (UWr),Plac Uniwersytecki (UWr),11
1436,135721029,650038,2022-01-11 18:43:08,2022-01-11 18:56:59,Wróblewskiego (Teki),Na Grobli (PWr - Geocentrum),14
1437,135721124,57169,2022-01-11 18:45:08,2022-01-11 18:57:44,Kościuszki / Pułaskiego,al. Armii Krajowej / Borowska,13
1438,135721795,57572,2022-01-11 18:57:24,2022-01-11 18:57:57,Powstańców Śląskich (Arkady Wrocławskie),Powstańców Śląskich (Arkady Wrocławskie),1
1439,135721648,651112,2022-01-11 18:54:29,2022-01-11 18:58:17,Komandorska / Kamienna,Kamienna / Borowska (Aquapark),4
1440,135721089,651540,2022-01-11 18:44:23,2022-01-11 18:58:29,Plac Jana Pawła II (Akademia Muzyczna),"Grochowa / Jemiołowa,",15
1441,135721175,650041,2022-01-11 18:45:50,2022-01-11 18:58:55,Drobnera / Dubois,Drobnera / Dubois,14
1442,135721236,650505,2022-01-11 18:46:41,2022-01-11 18:59:13,Aleja Bielany,Solskiego / al. Piastów,13
1443,135710064,651171,2022-01-11 15:20:16,2022-01-11 18:59:53,Poza stacją,Plac Jana Pawła II (Akademia Muzyczna),220
1444,135721744,650618,2022-01-11 18:56:29,2022-01-11 19:01:01,Kamienna / Borowska (Aquapark),Komandorska / Kamienna,5
1445,135721726,57632,2022-01-11 18:56:04,2022-01-11 19:01:53,Żeromskiego / Kluczborska,Drobnera / Dubois,6
1446,135721576,650973,2022-01-11 18:52:58,2022-01-11 19:02:41,Hubska / Prudnicka,Traugutta / Pułaskiego,10
1447,135721780,57888,2022-01-11 18:57:08,2022-01-11 19:03:24,Drobnera / Plac Bema,Szewska / Kazimierza Wielkiego ,7
1448,135721354,651358,2022-01-11 18:48:57,2022-01-11 19:03:42,Dworzec Główny ,Wyszyńskiego / Szczytnicka,15
1449,135721587,651532,2022-01-11 18:53:13,2022-01-11 19:04:28,Kościuszki / Komuny Paryskiej / Zgodna,Kamienna / Tomaszowska,12
1450,135722093,651236,2022-01-11 19:03:02,2022-01-11 19:05:45,Zaporoska / Gajowicka,"Grochowa / Jemiołowa,",3
1451,135721719,650777,2022-01-11 18:55:43,2022-01-11 19:05:47,Zaporoska / Grabiszyńska,Poza stacją,11
1452,135721317,650689,2022-01-11 18:48:17,2022-01-11 19:05:48,Dworzec Główny ,Powstańców Śląskich/Orla,18
1453,135721718,650269,2022-01-11 18:55:42,2022-01-11 19:06:25,Skarbowców / Wietrzna,Aleja Hallera / Mielecka,11
1454,135721737,651254,2022-01-11 18:56:19,2022-01-11 19:06:32,Skarbowców / Wietrzna,Aleja Hallera / Mielecka,11
1455,135721799,57742,2022-01-11 18:57:25,2022-01-11 19:11:07,Plac Uniwersytecki (UWr),Plac Powstańców Warszawy (Muzeum Narodowe),14
1456,135721808,57771,2022-01-11 18:57:35,2022-01-11 19:11:11,Plac Uniwersytecki (UWr),Plac Powstańców Warszawy (Muzeum Narodowe),14
1457,135721841,57767,2022-01-11 18:58:12,2022-01-11 19:11:30,Fosa Miejska ,pl. Powstańców Wielkopolskich,14
1458,135721937,650535,2022-01-11 19:00:08,2022-01-11 19:12:22,Szewska / Kazimierza Wielkiego ,Poza stacją,13
1459,135722113,57004,2022-01-11 19:03:22,2022-01-11 19:12:42,Czekoladowa / Wałbrzyska,al. Karkonoska / Jeździecka,10
1460,135722143,57596,2022-01-11 19:03:50,2022-01-11 19:12:57,Grabiszyńska / Aleja Hallera,Oporów (pętla tramwajowa),10
1461,135721152,57821,2022-01-11 18:45:35,2022-01-11 19:15:12,Ślężna / pętla tramwajowa,al. Armii Krajowej / Bardzka,30
1462,135722423,57888,2022-01-11 19:10:11,2022-01-11 19:15:16,Szewska / Kazimierza Wielkiego ,pl. Orląt Lwowskich,6
1463,135722198,650603,2022-01-11 19:04:53,2022-01-11 19:15:38,Szewska / Kazimierza Wielkiego ,Plac Strzegomski / Poznańska,11
1464,135722130,650074,2022-01-11 19:03:38,2022-01-11 19:15:45,Żelazna / Pereca,Grabiszyńska / Aleja Hallera,13
1465,135722139,650617,2022-01-11 19:03:48,2022-01-11 19:16:20,Grabiszyńska / Aleja Hallera,Oporów (pętla tramwajowa),13
1466,135722175,651230,2022-01-11 19:04:26,2022-01-11 19:16:35,Żelazna / Pereca,Grabiszyńska / Aleja Hallera,13
1467,135722525,650636,2022-01-11 19:12:53,2022-01-11 19:16:35,Plac Uniwersytecki (UWr),Drobnera / Dubois,4
1468,135722076,57036,2022-01-11 19:02:42,2022-01-11 19:17:29,al. Kochanowskiego / Śniadeckich ,Aleja Kromera,15
1469,135721939,651346,2022-01-11 19:00:09,2022-01-11 19:17:33,Kamienna / Borowska (Aquapark),Powstańców Śląskich/Orla,18
1470,135720798,57274,2022-01-11 18:38:48,2022-01-11 19:17:40,Zaporoska / Grabiszyńska,Plac Legionów,39
1471,135722540,651318,2022-01-11 19:13:10,2022-01-11 19:18:04,Gorlicka / Litewska,Krzywoustego - Rynek Psie Pole,5
1472,135722278,57632,2022-01-11 19:06:48,2022-01-11 19:19:45,Drobnera / Dubois,Drobnera / Dubois,13
1473,135722668,651171,2022-01-11 19:16:18,2022-01-11 19:19:49,Plac Jana Pawła II (Akademia Muzyczna),Legnicka / Młodych Techników,4
1474,135722034,650041,2022-01-11 19:01:58,2022-01-11 19:21:52,Drobnera / Dubois,Plac Świętego Macieja / Trzebnicka,20
1475,135722588,57194,2022-01-11 19:14:20,2022-01-11 19:21:52,Aleja Kromera,Sołtysowicka / Redycka,8
1476,135722527,650535,2022-01-11 19:12:58,2022-01-11 19:23:20,Poza stacją,Aleja Kromera,11
1477,135722352,57911,2022-01-11 19:08:35,2022-01-11 19:24:56,Poza stacją,Prochowicka / Dolnobrzeska,17
1478,135722732,57557,2022-01-11 19:17:49,2022-01-11 19:25:20,Na Grobli (PWr - Geocentrum),Plac Dominikański (Galeria Dominikańska),8
1479,135718051,650792,2022-01-11 17:48:48,2022-01-11 19:25:49,Poza stacją,Rynek,98
1480,135721861,57358,2022-01-11 18:58:32,2022-01-11 19:25:52,Mińska / Stanisławowska,Legnicka (Park Magnolia),28
1481,135722481,57742,2022-01-11 19:11:57,2022-01-11 19:26:03,Plac Powstańców Warszawy (Muzeum Narodowe),Plac Dominikański (Galeria Dominikańska),15
1482,135722484,57771,2022-01-11 19:12:04,2022-01-11 19:26:06,Plac Powstańców Warszawy (Muzeum Narodowe),Plac Dominikański (Galeria Dominikańska),15
1483,135722351,651358,2022-01-11 19:08:31,2022-01-11 19:26:51,Wyszyńskiego / Szczytnicka,Kamienna / Borowska (Aquapark),19
1484,135721185,57488,2022-01-11 18:45:59,2022-01-11 19:26:59,Świdnicka / Piłsudskiego (Hotel Scandic),Zaporoska / Wielka / Krucza,41
1485,135720410,650567,2022-01-11 18:31:07,2022-01-11 19:27:09,Plac Staszica,pl. Powstańców Wielkopolskich,57
1486,135721245,650991,2022-01-11 18:46:51,2022-01-11 19:27:11,Świdnicka / Piłsudskiego (Hotel Scandic),Zaporoska / Wielka / Krucza,41
1487,135720399,651217,2022-01-11 18:30:57,2022-01-11 19:27:27,Plac Staszica,pl. Powstańców Wielkopolskich,57
1488,135722675,650553,2022-01-11 19:16:25,2022-01-11 19:28:12,Berenta / Kasprowicza,Poza stacją,12
1489,135722595,650919,2022-01-11 19:14:31,2022-01-11 19:29:50,Obornicka / Bałtycka,Aleja Kromera,16
1490,135722909,650510,2022-01-11 19:21:57,2022-01-11 19:30:36,pl. Orląt Lwowskich,Plac Strzegomski / Poznańska,9
1491,135722397,651530,2022-01-11 19:09:25,2022-01-11 19:30:49,Pilczycka / Kozanowska,Pilczycka / Kozanowska,22
1492,135723102,650455,2022-01-11 19:26:36,2022-01-11 19:31:07,Nowowiejska / Wyszyńskiego,Nowowiejska / Wyszyńskiego,5
1493,135723046,650618,2022-01-11 19:25:18,2022-01-11 19:31:16,Komandorska / Kamienna,Plac Powstańców Śląskich,6
1494,135722979,651209,2022-01-11 19:23:30,2022-01-11 19:31:32,Kościuszki / Pułaskiego,Plac Dominikański (Galeria Dominikańska),9
1495,135723192,650717,2022-01-11 19:28:36,2022-01-11 19:31:33,Nowowiejska / Wyszyńskiego,Jedności Narodowej / Wyszyńskiego,3
1496,135723230,57865,2022-01-11 19:29:37,2022-01-11 19:32:02,Rogowska/Sukielicka,Rogowska/Sukielicka,3
1497,135722670,650129,2022-01-11 19:16:21,2022-01-11 19:32:52,Sołtysowicka / Redycka,Sołtysowicka / Redycka,17
1498,135722968,57202,2022-01-11 19:22:58,2022-01-11 19:33:07,Drobnera / Plac Bema,Piaskowa / św. Ducha,11
1499,135723027,650285,2022-01-11 19:24:48,2022-01-11 19:33:18,Pereca / Grabiszyńska,Kazimierza Wielkiego (Helios),9
1500,135723157,650029,2022-01-11 19:27:56,2022-01-11 19:33:40,Partyzantów / Okrzei,Olszewskiego / Spółdzielcza,6
1501,135722846,57036,2022-01-11 19:20:34,2022-01-11 19:33:41,Aleja Kromera,al. Kochanowskiego / Śniadeckich ,14
1502,135723040,57465,2022-01-11 19:25:04,2022-01-11 19:33:44,Kamienna / Borowska (Aquapark),al. Armii Krajowej / Bardzka,9
1503,135722812,651014,2022-01-11 19:19:43,2022-01-11 19:34:40,Powstańcow Śląskich / Aleja Hallera,al. Armii Krajowej / Bardzka,15
1504,135723017,57845,2022-01-11 19:24:25,2022-01-11 19:35:09,Plac Jana Pawła II (Akademia Muzyczna),Fosa Miejska ,11
1505,135722921,651129,2022-01-11 19:22:13,2022-01-11 19:35:19,Plac Świętego Macieja / Trzebnicka,Sienkiewicza / Wyszyńskiego,14
1506,135723055,57886,2022-01-11 19:25:25,2022-01-11 19:36:15,Sienkiewicza / Wyszyńskiego,Łukasiewicza / Smoluchowskiego (PWr),11
1507,135723060,650251,2022-01-11 19:25:35,2022-01-11 19:36:59,Sienkiewicza / Wyszyńskiego,Łukasiewicza / Smoluchowskiego (PWr),12
1508,135722815,650621,2022-01-11 19:19:46,2022-01-11 19:37:13,Szewska / Kazimierza Wielkiego ,"Grochowa / Jemiołowa,",18
1509,135723054,650725,2022-01-11 19:25:23,2022-01-11 19:37:29,Bałtycka / Żmigrodzka,Kamieńskiego,13
1510,135723186,650452,2022-01-11 19:28:30,2022-01-11 19:37:57,Żelazna / Pereca,Kazimierza Wielkiego (Helios),10
1511,135722964,57632,2022-01-11 19:22:55,2022-01-11 19:38:02,Drobnera / Dubois,Żeromskiego / Kluczborska,16
1512,135723179,651122,2022-01-11 19:28:24,2022-01-11 19:38:15,Promenady Wrocławskie,Poniatowskiego / Oleśnicka,10
1513,135723584,57572,2022-01-11 19:37:40,2022-01-11 19:38:15,Szczęśliwa (Sky Tower),Szczęśliwa (Sky Tower),1
1514,135723482,57060,2022-01-11 19:35:28,2022-01-11 19:38:43,Popowice,Legnicka / Wejherowska,4
1515,135723390,650855,2022-01-11 19:33:16,2022-01-11 19:39:08,Mickiewicza / pętla tramwajowa,Marca Polo (Olimpia Port),6
1516,135723245,651217,2022-01-11 19:30:05,2022-01-11 19:39:46,pl. Powstańców Wielkopolskich,Plac Uniwersytecki (UWr),10
1517,135719689,57623,2022-01-11 18:17:20,2022-01-11 19:39:47,Racławicka / Rymarska,Poza stacją,83
1518,135723271,57608,2022-01-11 19:30:35,2022-01-11 19:40:04,Plac Grunwaldzki (DS Ołówek),Jedności Narodowej / Wyszyńskiego,10
1519,135723247,650567,2022-01-11 19:30:08,2022-01-11 19:41:01,pl. Powstańców Wielkopolskich,Plac Uniwersytecki (UWr),11
1520,135723125,57742,2022-01-11 19:27:10,2022-01-11 19:41:21,Plac Dominikański (Galeria Dominikańska),Plac Uniwersytecki (UWr),15
1521,135723132,57771,2022-01-11 19:27:15,2022-01-11 19:41:24,Plac Dominikański (Galeria Dominikańska),Plac Uniwersytecki (UWr),15
1522,135723475,650029,2022-01-11 19:35:22,2022-01-11 19:41:49,Olszewskiego / Spółdzielcza,Bacciarellego,7
1523,135723489,57450,2022-01-11 19:35:35,2022-01-11 19:42:27,Przyjaźni / Karkonoska,Wałbrzyska - pętla tramwajowa,7
1524,135723307,651334,2022-01-11 19:31:30,2022-01-11 19:43:12,Aleja Hallera / Mielecka,Przyjaźni,12
1525,135723213,650379,2022-01-11 19:29:08,2022-01-11 19:43:20,Walońska (Angel Poland Group),Walońska (Angel Poland Group),15
1526,135723656,651318,2022-01-11 19:39:08,2022-01-11 19:43:54,Krzywoustego - Rynek Psie Pole,Gorlicka / Litewska,5
1527,135723490,57557,2022-01-11 19:35:36,2022-01-11 19:44:02,Plac Dominikański (Galeria Dominikańska),Walońska (Angel Poland Group),9
1528,135723629,57632,2022-01-11 19:38:36,2022-01-11 19:44:23,Żeromskiego / Kluczborska,Drobnera / Dubois,6
1529,135723388,651324,2022-01-11 19:33:14,2022-01-11 19:45:30,Powstańców Śląskich (Arkady Wrocławskie),Grabiszyńska / Stalowa,13
1530,135723445,651384,2022-01-11 19:34:43,2022-01-11 19:45:42,Plac Staszica,Młodych Techników,11
1531,135723781,57742,2022-01-11 19:41:55,2022-01-11 19:48:38,Plac Uniwersytecki (UWr),Poniatowskiego / Oleśnicka,7
1532,135723790,57771,2022-01-11 19:42:04,2022-01-11 19:48:41,Plac Uniwersytecki (UWr),Poniatowskiego / Oleśnicka,7
1533,135723880,650983,2022-01-11 19:44:13,2022-01-11 19:49:44,Sienkiewicza / Wyszyńskiego,Drobnera / Dubois,6
1534,135723323,650813,2022-01-11 19:31:41,2022-01-11 19:50:16,Jedności Narodowej / Wyszyńskiego,Żeromskiego / Daszyńskiego,19
1535,135723813,650039,2022-01-11 19:42:35,2022-01-11 19:50:21,Szewska / Kazimierza Wielkiego ,Świdnicka / Piłsudskiego (Hotel Scandic),8
1536,135723342,57480,2022-01-11 19:32:17,2022-01-11 19:50:58,Rogowska/Sukielicka,Hallera / Odkrywców,19
1537,135724138,651013,2022-01-11 19:50:30,2022-01-11 19:51:04,Plac Świętego Macieja / Trzebnicka,Plac Świętego Macieja / Trzebnicka,1
1538,135723850,650312,2022-01-11 19:43:27,2022-01-11 19:51:42,Plac Powstańców Śląskich,Powstańców Śląskich (Arkady Wrocławskie),9
1539,135723735,651217,2022-01-11 19:40:45,2022-01-11 19:52:24,Plac Uniwersytecki (UWr),Plac Uniwersytecki (UWr),12
1540,135723773,650567,2022-01-11 19:41:43,2022-01-11 19:52:32,Plac Uniwersytecki (UWr),Plac Uniwersytecki (UWr),11
1541,135723650,651301,2022-01-11 19:38:59,2022-01-11 19:53:21,Młodych Techników,Żeromskiego / Kluczborska,15
1542,135723747,650650,2022-01-11 19:41:02,2022-01-11 19:54:26,Kamienna / Borowska (Aquapark),Piławska,14
1543,135723722,650717,2022-01-11 19:40:26,2022-01-11 19:54:49,Jedności Narodowej / Wyszyńskiego,Bałtycka / Żmigrodzka,15
1544,135723770,650259,2022-01-11 19:41:41,2022-01-11 19:55:42,Wróblewskiego (Teki),Piaskowa / św. Ducha,15
1545,135724266,57451,2022-01-11 19:53:40,2022-01-11 19:56:51,Szewska / Kazimierza Wielkiego ,Wita Stwosza / Szewska,4
1546,135724019,57217,2022-01-11 19:47:46,2022-01-11 19:57:27,Kościuszki / Komuny Paryskiej / Zgodna,Fosa Miejska ,10
1547,135724410,57572,2022-01-11 19:57:09,2022-01-11 19:57:43,Komandorska / Kamienna,Komandorska / Kamienna,1
1548,135724250,57320,2022-01-11 19:53:18,2022-01-11 20:01:48,Nowowiejska / Górnickiego,Poniatowskiego / Oleśnicka,9
1549,135723758,650271,2022-01-11 19:41:22,2022-01-11 20:02:16,Oporów (pętla tramwajowa),Pereca / Grabiszyńska,21
1550,135723789,57596,2022-01-11 19:42:04,2022-01-11 20:02:34,Oporów (pętla tramwajowa),Pereca / Grabiszyńska,21
1551,135724076,57742,2022-01-11 19:49:11,2022-01-11 20:02:34,Poniatowskiego / Oleśnicka,Plac Uniwersytecki (UWr),14
1552,135724084,57771,2022-01-11 19:49:17,2022-01-11 20:02:41,Poniatowskiego / Oleśnicka,Plac Uniwersytecki (UWr),14
1553,135724139,650515,2022-01-11 19:50:31,2022-01-11 20:04:23,Żeromskiego / Daszyńskiego,Żeromskiego / Kluczborska,14
1554,135724280,651471,2022-01-11 19:54:02,2022-01-11 20:04:33,Plac Staszica,pl. Orląt Lwowskich,11
1555,135724339,651312,2022-01-11 19:55:45,2022-01-11 20:05:13,Nyska / Jesionowa,Poza stacją,10
1556,135724726,57842,2022-01-11 20:04:42,2022-01-11 20:05:16,al. Armii Krajowej / Borowska,al. Armii Krajowej / Borowska,1
1557,135724322,651013,2022-01-11 19:55:17,2022-01-11 20:05:56,Plac Świętego Macieja / Trzebnicka,Rondo Reagana,11
1558,135724169,57903,2022-01-11 19:51:13,2022-01-11 20:07:23,Hallera / Odkrywców,Poza stacją,17
1559,135724507,650285,2022-01-11 19:59:20,2022-01-11 20:07:41,Kazimierza Wielkiego (Helios),Pereca / Grabiszyńska,9
1560,135715167,57798,2022-01-11 16:58:28,2022-01-11 20:08:41,Poza stacją,Aleja Hallera / Mielecka,191
1561,135724514,650768,2022-01-11 19:59:32,2022-01-11 20:10:42,Krzywoustego / Korona,Berenta / Kasprowicza,12
1562,135724176,650440,2022-01-11 19:51:26,2022-01-11 20:12:02,Kościuszki / Pułaskiego,pl. Orląt Lwowskich,21
1563,135724876,57888,2022-01-11 20:09:09,2022-01-11 20:13:01,pl. Orląt Lwowskich,Rynek,4
1564,135724859,57736,2022-01-11 20:08:37,2022-01-11 20:13:11,al. Armii Krajowej / Borowska,al. Armii Krajowej / Bardzka,5
1565,135724904,57217,2022-01-11 20:09:57,2022-01-11 20:13:27,Fosa Miejska ,Powstańców Śląskich (Arkady Wrocławskie),4
1566,135724849,57169,2022-01-11 20:08:28,2022-01-11 20:13:40,al. Armii Krajowej / Borowska,al. Armii Krajowej / Bardzka,6
1567,135724421,650090,2022-01-11 19:57:25,2022-01-11 20:13:51,Legnicka / Młodych Techników,Ślężna / Aleja Wiśniowa,17
1568,135724553,650636,2022-01-11 20:00:35,2022-01-11 20:14:05,Drobnera / Dubois,Walońska (Angel Poland Group),14
1569,135724334,57632,2022-01-11 19:55:38,2022-01-11 20:14:34,Drobnera / Dubois,Drobnera / Dubois,19
1570,135724731,651492,2022-01-11 20:04:58,2022-01-11 20:14:39,al. Armii Krajowej / Borowska,Szczęśliwa (Sky Tower),10
1571,135724243,650567,2022-01-11 19:53:08,2022-01-11 20:15:02,Plac Uniwersytecki (UWr),pl. Powstańców Wielkopolskich,22
1572,135724246,651217,2022-01-11 19:53:09,2022-01-11 20:15:07,Plac Uniwersytecki (UWr),pl. Powstańców Wielkopolskich,22
1573,135724735,57845,2022-01-11 20:05:08,2022-01-11 20:15:34,Fosa Miejska ,Dyrekcyjna / Borowska (Wroclavia),11
1574,135725109,57842,2022-01-11 20:15:30,2022-01-11 20:16:02,Ślężna / Kamienna (Uniw. Ekonomiczny),Ślężna / Kamienna (Uniw. Ekonomiczny),1
1575,135724510,650983,2022-01-11 19:59:26,2022-01-11 20:16:32,Drobnera / Dubois,Drobnera / Dubois,18
1576,135724926,57628,2022-01-11 20:10:31,2022-01-11 20:17:10,Legnicka (Park Magnolia),Poza stacją,7
1577,135724671,57742,2022-01-11 20:03:20,2022-01-11 20:18:15,Plac Uniwersytecki (UWr),Plac Uniwersytecki (UWr),15
1578,135724678,57771,2022-01-11 20:03:27,2022-01-11 20:18:16,Plac Uniwersytecki (UWr),Plac Uniwersytecki (UWr),15
1579,135724966,57108,2022-01-11 20:11:27,2022-01-11 20:18:23,Poza stacją,Plac Świętego Macieja / Trzebnicka,7
1580,135724874,57132,2022-01-11 20:09:03,2022-01-11 20:18:31,Strzegomska / Estońska,Graniczna / Strzegomska,10
1581,135724916,651219,2022-01-11 20:10:15,2022-01-11 20:19:36,Plac Dominikański (Galeria Dominikańska),Kościuszki / Komuny Paryskiej / Zgodna,10
1582,135724597,650178,2022-01-11 20:01:38,2022-01-11 20:19:43,Popowice,Śrubowa / Strzegomska,19
1583,135725125,650567,2022-01-11 20:16:02,2022-01-11 20:19:54,pl. Powstańców Wielkopolskich,Plac Staszica,4
1584,135725133,651217,2022-01-11 20:16:17,2022-01-11 20:20:08,pl. Powstańców Wielkopolskich,Plac Staszica,4
1585,135724448,650074,2022-01-11 19:57:53,2022-01-11 20:20:13,Grabiszyńska / Aleja Hallera,Promenady Wrocławskie,23
1586,135725057,650759,2022-01-11 20:14:11,2022-01-11 20:20:16,"Dworzec Główny, południe",Kościuszki / Komuny Paryskiej / Zgodna,7
1587,135724674,57783,2022-01-11 20:03:24,2022-01-11 20:21:48,Grabiszyńska / Aleja Hallera,Ślężna / Kamienna (Uniw. Ekonomiczny),19
1588,135724700,57358,2022-01-11 20:04:15,2022-01-11 20:21:48,Legnicka (Park Magnolia),Rynek,18
1589,135725102,650636,2022-01-11 20:15:16,2022-01-11 20:23:15,Walońska (Angel Poland Group),Rondo Reagana,8
1590,135725220,57742,2022-01-11 20:18:47,2022-01-11 20:23:27,Plac Uniwersytecki (UWr),Kurkowa / Dubois,5
1591,135725224,57771,2022-01-11 20:18:57,2022-01-11 20:23:29,Plac Uniwersytecki (UWr),Kurkowa / Dubois,5
1592,135725230,57541,2022-01-11 20:19:10,2022-01-11 20:23:29,Rogowska / Zemska,Rogowska / Zemska,5
1593,135724995,57138,2022-01-11 20:12:14,2022-01-11 20:25:00,Dworzec Główny ,Traugutta / Kościuszki,13
1594,135724970,57140,2022-01-11 20:11:40,2022-01-11 20:25:04,Zatorska / Królewska - pętla MPK,Zatorska / Królewska - pętla MPK,14
1595,135724873,57738,2022-01-11 20:09:01,2022-01-11 20:26:00,Grabiszyńska / Stalowa,Kamienna / Borowska (Aquapark),17
1596,135724922,650561,2022-01-11 20:10:23,2022-01-11 20:26:15,Dworzec Główny ,Grabiszyńska / Stalowa,16
1597,135725383,57163,2022-01-11 20:23:37,2022-01-11 20:26:41,Rogowska / Zemska,Rogowska/Sukielicka,4
1598,135725268,57845,2022-01-11 20:20:09,2022-01-11 20:27:41,Dyrekcyjna / Borowska (Wroclavia),Plac Legionów,8
1599,135725225,650908,2022-01-11 20:18:58,2022-01-11 20:28:19,Wałbrzyska - pętla tramwajowa,Zwycięska / Agrestowa,10
1600,135725475,57865,2022-01-11 20:26:59,2022-01-11 20:28:37,Rogowska/Sukielicka,Rogowska/Sukielicka,2
1601,135724450,651112,2022-01-11 19:57:53,2022-01-11 20:29:36,Kamienna / Borowska (Aquapark),Śrubowa / Strzegomska,32
1602,135725177,57843,2022-01-11 20:17:39,2022-01-11 20:31:02,Na Grobli (PWr - Geocentrum),Wróblewskiego (Teki),14
1603,135725157,650038,2022-01-11 20:17:09,2022-01-11 20:31:19,Na Grobli (PWr - Geocentrum),Wróblewskiego (Teki),15
1604,135725030,57829,2022-01-11 20:13:25,2022-01-11 20:32:08,Olszewskiego / Spółdzielcza,"Olszewskiego, pętla tramwajowa",19
1605,135725219,651541,2022-01-11 20:18:46,2022-01-11 20:33:45,Żelazna / Pereca,al. Armii Krajowej / Borowska,15
1606,135725396,57742,2022-01-11 20:24:00,2022-01-11 20:34:24,Kurkowa / Dubois,Kurkowa / Dubois,11
1607,135725401,57771,2022-01-11 20:24:07,2022-01-11 20:34:28,Kurkowa / Dubois,Kurkowa / Dubois,11
1608,135725380,651209,2022-01-11 20:23:35,2022-01-11 20:34:30,Plac Dominikański (Galeria Dominikańska),Dyrekcyjna / Borowska (Wroclavia),11
1609,135725360,57164,2022-01-11 20:22:51,2022-01-11 20:34:33,Dworzec Główny ,Nyska / Jesionowa,12
1610,135725450,650312,2022-01-11 20:25:47,2022-01-11 20:35:41,Powstańców Śląskich (Arkady Wrocławskie),Pereca / Grabiszyńska,10
1611,135725674,650259,2022-01-11 20:33:05,2022-01-11 20:35:41,Piaskowa / św. Ducha,Plac Dominikański (Galeria Dominikańska),3
1612,135725162,57632,2022-01-11 20:17:18,2022-01-11 20:36:05,Drobnera / Dubois,Kazimierza Wielkiego (Helios),19
1613,135725393,650689,2022-01-11 20:23:53,2022-01-11 20:36:31,Powstańców Śląskich/Orla,Zaporoska / Gajowicka,13
1614,135725615,651471,2022-01-11 20:31:15,2022-01-11 20:37:45,pl. Orląt Lwowskich,Szewska / Kazimierza Wielkiego ,7
1615,135725242,650983,2022-01-11 20:19:24,2022-01-11 20:38:07,Drobnera / Dubois,Traugutta / Pułaskiego,19
1616,135725514,651388,2022-01-11 20:28:07,2022-01-11 20:38:32,al. Armii Krajowej / Bardzka,Poza stacją,11
1617,135725569,57256,2022-01-11 20:29:51,2022-01-11 20:38:55,al. Kochanowskiego / Kopernika,Nowowiejska / Wyszyńskiego,10
1618,135725604,57594,2022-01-11 20:31:01,2022-01-11 20:39:01,Plac Uniwersytecki (UWr),Plac Staszica,8
1619,135725454,57320,2022-01-11 20:25:56,2022-01-11 20:39:10,Poniatowskiego / Oleśnicka,Aleja Kromera,14
1620,135725456,650892,2022-01-11 20:25:59,2022-01-11 20:39:14,Poniatowskiego / Oleśnicka,Aleja Kromera,14
1621,135725757,57798,2022-01-11 20:35:38,2022-01-11 20:40:54,Aleja Hallera / Mielecka,"Grochowa / Jemiołowa,",6
1622,135725541,651122,2022-01-11 20:29:08,2022-01-11 20:40:55,Poniatowskiego / Oleśnicka,Dworzec Główny ,12
1623,135725750,650919,2022-01-11 20:35:27,2022-01-11 20:43:45,Aleja Kromera,Żeromskiego / Daszyńskiego,9
1624,135725784,57632,2022-01-11 20:36:38,2022-01-11 20:44:32,Kazimierza Wielkiego (Helios),Drobnera / Dubois,8
1625,135725763,57738,2022-01-11 20:35:50,2022-01-11 20:44:33,Kamienna / Borowska (Aquapark),Borowska (Uniw. Szpital Kliniczny),9
1626,135725745,57742,2022-01-11 20:35:21,2022-01-11 20:47:28,Kurkowa / Dubois,Kazimierza Wielkiego (Helios),13
1627,135725751,57771,2022-01-11 20:35:28,2022-01-11 20:47:29,Kurkowa / Dubois,Kazimierza Wielkiego (Helios),13
1628,135725512,57163,2022-01-11 20:28:06,2022-01-11 20:47:36,Rogowska/Sukielicka,Rogowska/Sukielicka,20
1629,135725815,650699,2022-01-11 20:37:42,2022-01-11 20:48:37,Gliniana / Gajowa,Powstańcow Śląskich / Aleja Hallera,11
1630,135725734,57217,2022-01-11 20:35:06,2022-01-11 20:51:08,Powstańców Śląskich (Arkady Wrocławskie),Fosa Miejska ,17
1631,135725859,650660,2022-01-11 20:39:12,2022-01-11 20:51:14,Graniczna / Strzegomska,Strzegomska / Estońska,13
1632,135724630,57737,2022-01-11 20:02:26,2022-01-11 20:51:28,Nyska / Jesionowa,Nyska / Jesionowa,50
1633,135726088,650367,2022-01-11 20:47:00,2022-01-11 20:52:36,Lotnicza / Na Ostatnim Groszu,Legnicka / Wejherowska,6
1634,135725927,651132,2022-01-11 20:41:01,2022-01-11 20:52:53,Poza stacją,pl. Orląt Lwowskich,12
1635,135725748,651209,2022-01-11 20:35:25,2022-01-11 20:52:55,Dyrekcyjna / Borowska (Wroclavia),Grota-Roweckiego / Parafialna,18
1636,135725835,57948,2022-01-11 20:38:15,2022-01-11 20:53:10,Kazimierza Wielkiego (Helios),Nowowiejska / Górnickiego,15
1637,135725966,651122,2022-01-11 20:42:15,2022-01-11 20:53:10,Dworzec Główny ,Żelazna / Pereca,11
1638,135726235,651394,2022-01-11 20:52:09,2022-01-11 20:54:43,Stabłowicka / Główna ,Stabłowicka / Główna ,3
1639,135725996,650269,2022-01-11 20:43:31,2022-01-11 20:55:07,Aleja Hallera / Mielecka,Skarbowców / Wietrzna,12
1640,135725994,651254,2022-01-11 20:43:25,2022-01-11 20:55:09,Aleja Hallera / Mielecka,Skarbowców / Wietrzna,12
1641,135726207,650193,2022-01-11 20:51:00,2022-01-11 20:55:56,Plac Uniwersytecki (UWr),Kazimierza Wielkiego (Helios),5
1642,135726155,650618,2022-01-11 20:49:33,2022-01-11 20:56:17,Plac Powstańców Śląskich,Powstańcow Śląskich / Aleja Hallera,7
1643,135726146,651492,2022-01-11 20:49:10,2022-01-11 20:58:50,Szczęśliwa (Sky Tower),Żelazna / Pereca,10
1644,135726119,57742,2022-01-11 20:48:06,2022-01-11 20:59:16,Kazimierza Wielkiego (Helios),Kurkowa / Dubois,12
1645,135726121,57771,2022-01-11 20:48:12,2022-01-11 20:59:19,Kazimierza Wielkiego (Helios),Kurkowa / Dubois,12
1646,135726116,651308,2022-01-11 20:48:00,2022-01-11 21:01:04,Drobnera / Dubois,Zaporoska / Grabiszyńska,14
1647,135726438,651004,2022-01-11 21:00:30,2022-01-11 21:01:07,Aleja Hallera / Mielecka,Aleja Hallera / Mielecka,1
1648,135726392,650259,2022-01-11 20:58:30,2022-01-11 21:05:45,Plac Dominikański (Galeria Dominikańska),Walońska (Angel Poland Group),8
1649,135726234,57931,2022-01-11 20:52:08,2022-01-11 21:06:47,Żeromskiego / Daszyńskiego,Żeromskiego / Daszyńskiego,15
1650,135726602,57572,2022-01-11 21:06:16,2022-01-11 21:06:49,Ślężna / Aleja Wiśniowa,Ślężna / Aleja Wiśniowa,1
1651,135725740,57060,2022-01-11 20:35:16,2022-01-11 21:07:25,Legnicka / Wejherowska,Popowice,33
1652,135726463,651466,2022-01-11 21:01:37,2022-01-11 21:07:28,Dyrekcyjna / Borowska (Wroclavia),Szczęśliwa (Sky Tower),6
1653,135726223,650868,2022-01-11 20:51:48,2022-01-11 21:07:42,Poza stacją,Poza stacją,16
1654,135726171,651182,2022-01-11 20:49:59,2022-01-11 21:08:02,Dyrekcyjna / Borowska (Wroclavia),Plac Jana Pawła II (Akademia Muzyczna),19
1655,135726225,57632,2022-01-11 20:51:49,2022-01-11 21:08:42,Drobnera / Dubois,Drobnera / Dubois,17
1656,135726273,651132,2022-01-11 20:53:38,2022-01-11 21:09:56,pl. Orląt Lwowskich,Powstańców Śląskich/Orla,17
1657,135726327,650367,2022-01-11 20:55:37,2022-01-11 21:11:25,Legnicka / Wejherowska,Strzegomska / Estońska,16
1658,135726421,57742,2022-01-11 20:59:46,2022-01-11 21:11:34,Kurkowa / Dubois,Plac Jana Pawła II (Akademia Muzyczna),12
1659,135726424,57771,2022-01-11 20:59:51,2022-01-11 21:11:37,Kurkowa / Dubois,Plac Jana Pawła II (Akademia Muzyczna),12
1660,135726435,57451,2022-01-11 21:00:20,2022-01-11 21:14:15,Wita Stwosza / Szewska,Nowowiejska / Górnickiego,14
1661,135726707,651132,2022-01-11 21:10:47,2022-01-11 21:14:50,Powstańców Śląskich/Orla,Ślężna / pętla tramwajowa,5
1662,135726458,650142,2022-01-11 21:01:29,2022-01-11 21:15:31,Aleja Hallera / Mielecka,Szczęśliwa (Sky Tower),15
1663,135726354,57886,2022-01-11 20:56:40,2022-01-11 21:16:04,Łukasiewicza / Smoluchowskiego (PWr),Berenta / Kasprowicza,20
1664,135726639,57740,2022-01-11 21:08:10,2022-01-11 21:16:14,Partyzantów / Okrzei,Bacciarellego,9
1665,135726387,57601,2022-01-11 20:57:57,2022-01-11 21:17:28,Szewska / Kazimierza Wielkiego ,Wróblewskiego (ZOO),20
1666,135726799,57602,2022-01-11 21:14:12,2022-01-11 21:17:33,Wyszyńskiego / Szczytnicka,Plac Grunwaldzki / Polaka,4
1667,135726507,651476,2022-01-11 21:02:54,2022-01-11 21:17:48,Legnicka / Młodych Techników,Drobnera / Plac Bema,15
1668,135726626,57786,2022-01-11 21:07:32,2022-01-11 21:18:07,Plac Powstańców Śląskich,Gliniana / Gajowa,11
1669,135726646,57457,2022-01-11 21:08:23,2022-01-11 21:18:41,Aleja Hallera / Mielecka,Klecińska (Wrocław Grabiszyn),11
1670,135726727,651341,2022-01-11 21:11:43,2022-01-11 21:18:51,Krzywoustego / Korona,Poza stacją,8
1671,135726608,650452,2022-01-11 21:06:26,2022-01-11 21:19:20,Kazimierza Wielkiego (Helios),Poniatowskiego / Oleśnicka,13
1672,135726674,651182,2022-01-11 21:09:32,2022-01-11 21:19:41,Plac Jana Pawła II (Akademia Muzyczna),Dworzec Główny ,11
1673,135726938,57888,2022-01-11 21:20:23,2022-01-11 21:20:43,Rynek,Rynek,1
1674,135726831,650193,2022-01-11 21:15:33,2022-01-11 21:21:54,Kazimierza Wielkiego (Helios),Kazimierza Wielkiego (Helios),7
1675,135726863,651236,2022-01-11 21:16:31,2022-01-11 21:22:31,"Grochowa / Jemiołowa,",Zaporoska / Grabiszyńska,6
1676,135726841,650813,2022-01-11 21:16:02,2022-01-11 21:22:47,Żeromskiego / Daszyńskiego,pl. Powstańców Wielkopolskich,7
1677,135726949,57476,2022-01-11 21:20:53,2022-01-11 21:24:20,Reymonta / Kleczkowska,Plac Staszica,4
1678,135724436,651060,2022-01-11 19:57:41,2022-01-11 21:24:27,Poza stacją,Czekoladowa / Wałbrzyska,87
1679,135726942,650618,2022-01-11 21:20:38,2022-01-11 21:24:29,Powstańcow Śląskich / Aleja Hallera,Ślężna / Aleja Wiśniowa,4
1680,135726694,57574,2022-01-11 21:10:07,2022-01-11 21:24:37,Kamieńskiego,pl. Powstańców Wielkopolskich,15
1681,135726739,57742,2022-01-11 21:12:13,2022-01-11 21:24:41,Plac Jana Pawła II (Akademia Muzyczna),Drobnera / Dubois,13
1682,135726605,650777,2022-01-11 21:06:18,2022-01-11 21:24:42,Poza stacją,Zaporoska / Grabiszyńska,19
1683,135726743,57771,2022-01-11 21:12:19,2022-01-11 21:24:44,Plac Jana Pawła II (Akademia Muzyczna),Drobnera / Dubois,13
1684,135726917,650041,2022-01-11 21:18:57,2022-01-11 21:26:31,Plac Świętego Macieja / Trzebnicka,Kazimierza Wielkiego (Helios),8
1685,135726673,57255,2022-01-11 21:09:32,2022-01-11 21:26:39,Poza stacją,Poniatowskiego / Oleśnicka,18
1686,135726972,651013,2022-01-11 21:21:33,2022-01-11 21:27:02,Rondo Reagana,Nowowiejska / Wyszyńskiego,6
1687,135726855,57817,2022-01-11 21:16:23,2022-01-11 21:27:15,Pereca / Grabiszyńska,Grabiszyńska / Aleja Hallera,11
1688,135726823,651132,2022-01-11 21:15:21,2022-01-11 21:29:34,Ślężna / pętla tramwajowa,al. Armii Krajowej / Bardzka,15
1689,135726710,57632,2022-01-11 21:10:54,2022-01-11 21:29:42,Drobnera / Dubois,pl. Powstańców Wielkopolskich,19
1690,135726052,57053,2022-01-11 20:45:29,2022-01-11 21:30:44,"Paprotna / Obornicka, zajezdnia MPK",Stabłowicka / Główna ,46
1691,135725691,650866,2022-01-11 20:33:38,2022-01-11 21:31:09,Plac Grunwaldzki / Polaka,Plac Grunwaldzki / Polaka,58
1692,135727067,57742,2022-01-11 21:25:38,2022-01-11 21:33:03,Drobnera / Dubois,Poniatowskiego / Oleśnicka,8
1693,135727076,57771,2022-01-11 21:25:51,2022-01-11 21:33:07,Drobnera / Dubois,Poniatowskiego / Oleśnicka,8
1694,135726923,57736,2022-01-11 21:19:23,2022-01-11 21:34:24,al. Armii Krajowej / Bardzka,Plac Powstańców Warszawy (Muzeum Narodowe),16
1695,135727125,650525,2022-01-11 21:28:43,2022-01-11 21:34:49,Opolska / pętla tramwajowa,Opolska / Siemianowicka,7
1696,135727158,57632,2022-01-11 21:30:28,2022-01-11 21:35:27,pl. Powstańców Wielkopolskich,Drobnera / Dubois,5
1697,135727141,57567,2022-01-11 21:29:37,2022-01-11 21:36:10,Kozanowska / Pilczycka,Lotnicza / Bajana,7
1698,135726461,650652,2022-01-11 21:01:35,2022-01-11 21:36:24,Wałbrzyska - pętla tramwajowa,Żelazna / Pereca,35
1699,135727018,57519,2022-01-11 21:23:30,2022-01-11 21:36:28,Kazimierza Wielkiego (Helios),Żelazna / Pereca,13
1700,135727195,57903,2022-01-11 21:32:24,2022-01-11 21:36:51,Poza stacją,Szczęśliwa (Sky Tower),5
1701,135724166,650039,2022-01-11 19:51:09,2022-01-11 21:36:56,Świdnicka / Piłsudskiego (Hotel Scandic),Drobnera / Plac Bema,106
1702,135727046,651105,2022-01-11 21:24:34,2022-01-11 21:37:08,Poza stacją,Kutrzeby / Hubala,13
1703,135727228,57742,2022-01-11 21:33:38,2022-01-11 21:38:34,Poniatowskiego / Oleśnicka,pl. Powstańców Wielkopolskich,5
1704,135727234,57771,2022-01-11 21:33:49,2022-01-11 21:38:34,Poniatowskiego / Oleśnicka,pl. Powstańców Wielkopolskich,5
1705,135726958,57358,2022-01-11 21:21:08,2022-01-11 21:39:08,Rynek,Aleja Kromera,18
1706,135727140,651013,2022-01-11 21:29:36,2022-01-11 21:40:41,Nowowiejska / Wyszyńskiego,Janiszewskiego (PWr),12
1707,135727372,57875,2022-01-11 21:39:38,2022-01-11 21:44:56,Szewska / Kazimierza Wielkiego ,Dworzec Główny ,6
1708,135727315,57736,2022-01-11 21:37:44,2022-01-11 21:44:57,Plac Powstańców Warszawy (Muzeum Narodowe),Plac Świętego Macieja / Trzebnicka,8
1709,135727384,651537,2022-01-11 21:40:10,2022-01-11 21:46:45,Plac Powstańców Warszawy (Muzeum Narodowe),Nowowiejska / Górnickiego,7
1710,135727225,650090,2022-01-11 21:33:28,2022-01-11 21:47:28,Ślężna / Aleja Wiśniowa,Tarnogajska / Klimasa,14
1711,135727488,651014,2022-01-11 21:45:52,2022-01-11 21:49:35,al. Armii Krajowej / Bardzka,Świeradowska / Krynicka,4
1712,135727397,650636,2022-01-11 21:40:54,2022-01-11 21:50:17,Rondo Reagana,Walońska (Angel Poland Group),10
1713,135727304,650792,2022-01-11 21:37:05,2022-01-11 21:50:36,Rynek,Rondo Reagana,14
1714,135727211,650556,2022-01-11 21:32:53,2022-01-11 21:51:51,Plac Grunwaldzki / Polaka,Poza stacją,19
1715,135727439,650367,2022-01-11 21:43:05,2022-01-11 21:54:51,Strzegomska / Estońska,Klecińska (Wrocław Grabiszyn),12
1716,135727456,651498,2022-01-11 21:44:10,2022-01-11 21:55:44,Młodych Techników,Plac Staszica,12
1717,135727471,650184,2022-01-11 21:44:52,2022-01-11 21:56:04,Krucza / Mielecka / Stalowa,Kamienna / Borowska (Aquapark),12
1718,135727614,57211,2022-01-11 21:52:02,2022-01-11 21:56:33,Plac Jana Pawła II (Akademia Muzyczna),Plac Legionów,5
1719,135727635,650556,2022-01-11 21:52:56,2022-01-11 21:56:36,Poza stacją,Kościuszki / Komuny Paryskiej / Zgodna,4
1720,135727576,57386,2022-01-11 21:50:06,2022-01-11 21:56:50,Powstańcow Śląskich / Aleja Hallera,Krucza / Mielecka / Stalowa,7
1721,135727572,650699,2022-01-11 21:49:54,2022-01-11 21:58:04,Powstańcow Śląskich / Aleja Hallera,Krucza / Mielecka / Stalowa,9
1722,135727375,651471,2022-01-11 21:39:44,2022-01-11 21:59:13,Szewska / Kazimierza Wielkiego ,Borowska (Uniw. Szpital Kliniczny),20
1723,135727605,57843,2022-01-11 21:51:33,2022-01-11 22:00:49,Wróblewskiego (Teki),Rakowiecka,10
1724,135727048,57594,2022-01-11 21:24:41,2022-01-11 22:02:17,Plac Staszica,Drobnera / Dubois,38
1725,135727613,57199,2022-01-11 21:51:56,2022-01-11 22:03:08,Piaskowa / św. Ducha,Wróblewskiego (Teki),12
1726,135727590,57954,2022-01-11 21:50:55,2022-01-11 22:07:04,Plac Jana Pawła II (Akademia Muzyczna),Lotnicza / Na Ostatnim Groszu,17
1727,135727602,57033,2022-01-11 21:51:28,2022-01-11 22:08:31,Kamienna / Borowska (Aquapark),Grabiszyńska / Stalowa,18
1728,135727777,651497,2022-01-11 21:59:19,2022-01-11 22:13:52,Szewska / Kazimierza Wielkiego ,Kamienna / Tomaszowska,15
1729,135727976,651092,2022-01-11 22:07:05,2022-01-11 22:16:37,al. Brücknera / Kwidzyńska,Sołtysowicka / Redycka,10
1730,135727766,57771,2022-01-11 21:58:50,2022-01-11 22:17:22,pl. Powstańców Wielkopolskich,Wita Stwosza / Szewska,19
1731,135727775,57742,2022-01-11 21:59:13,2022-01-11 22:17:24,pl. Powstańców Wielkopolskich,Wita Stwosza / Szewska,19
1732,135726328,650870,2022-01-11 20:55:39,2022-01-11 22:18:16,Stabłowicka / Główna ,Stabłowicka / Główna ,83
1733,135728142,650685,2022-01-11 22:14:02,2022-01-11 22:18:55,Żmigrodzka / Marino,"Paprotna / Obornicka, zajezdnia MPK",5
1734,135728078,650983,2022-01-11 22:11:45,2022-01-11 22:19:57,Traugutta / Pułaskiego,Hubska / Prudnicka,9
1735,135728067,650866,2022-01-11 22:11:20,2022-01-11 22:20:53,Plac Grunwaldzki / Polaka,Kościuszki / Komuny Paryskiej / Zgodna,10
1736,135728116,650505,2022-01-11 22:13:20,2022-01-11 22:21:55,Solskiego / al. Piastów,Czekoladowa / Wałbrzyska,9
1737,135728293,57340,2022-01-11 22:21:45,2022-01-11 22:22:11,"Dworzec Główny, południe","Dworzec Główny, południe",1
1738,135728229,57771,2022-01-11 22:18:18,2022-01-11 22:22:29,Wita Stwosza / Szewska,Plac Uniwersytecki (UWr),5
1739,135728148,651537,2022-01-11 22:14:09,2022-01-11 22:23:24,Nowowiejska / Górnickiego,Plac Dominikański (Galeria Dominikańska),10
1740,135728263,650223,2022-01-11 22:20:22,2022-01-11 22:24:19,Kraszewskiego / Trzebnicka,pl. Powstańców Wielkopolskich,4
1741,135727941,57632,2022-01-11 22:05:56,2022-01-11 22:24:47,Drobnera / Dubois,Kurkowa / Dubois,19
1742,135720068,57401,2022-01-11 18:24:39,2022-01-11 22:26:20,Plac Powstańców Śląskich,Zaporoska / Wielka / Krucza,242
1743,135728186,651013,2022-01-11 22:15:45,2022-01-11 22:27:43,Janiszewskiego (PWr),Sienkiewicza / Wyszyńskiego,12
1744,135728348,57632,2022-01-11 22:25:18,2022-01-11 22:27:56,Kurkowa / Dubois,Drobnera / Dubois,3
1745,135728344,650813,2022-01-11 22:25:07,2022-01-11 22:28:19,pl. Powstańców Wielkopolskich,Plac Świętego Macieja / Trzebnicka,4
1746,135728400,57108,2022-01-11 22:27:22,2022-01-11 22:30:34,Plac Świętego Macieja / Trzebnicka,Poniatowskiego / Oleśnicka,4
1747,135728223,57742,2022-01-11 22:18:03,2022-01-11 22:33:11,Wita Stwosza / Szewska,Drobnera / Plac Bema,16
1748,135728309,57493,2022-01-11 22:22:44,2022-01-11 22:33:12,Plac Uniwersytecki (UWr),Drobnera / Plac Bema,11
1749,135728246,57776,2022-01-11 22:19:35,2022-01-11 22:33:54,Plac Kościuszki (Renoma),Rondo Reagana,15
1750,135728240,650717,2022-01-11 22:19:13,2022-01-11 22:35:04,Bałtycka / Żmigrodzka,Poza stacją,16
1751,135728470,650617,2022-01-11 22:31:03,2022-01-11 22:37:03,Oporów (pętla tramwajowa),Grabiszyńska / Aleja Hallera,6
1752,135728482,651537,2022-01-11 22:31:40,2022-01-11 22:37:37,Plac Dominikański (Galeria Dominikańska),Rynek,6
1753,135728335,651541,2022-01-11 22:24:24,2022-01-11 22:38:34,al. Armii Krajowej / Borowska,Żelazna / Pereca,15
1754,135728338,651532,2022-01-11 22:24:26,2022-01-11 22:40:53,Kamienna / Tomaszowska,Racławicka / Rymarska,17
1755,135727980,651206,2022-01-11 22:07:17,2022-01-11 22:41:48,Grota-Roweckiego/Iwaszkiewicza,Grota-Roweckiego/Iwaszkiewicza,35
1756,135728428,650906,2022-01-11 22:29:04,2022-01-11 22:42:36,Dyrekcyjna / Borowska (Wroclavia),Powstańcow Śląskich / Aleja Hallera,14
1757,135728622,650515,2022-01-11 22:39:38,2022-01-11 22:43:04,Żeromskiego / Kluczborska,Nowowiejska / Wyszyńskiego,4
1758,135728517,57164,2022-01-11 22:33:33,2022-01-11 22:44:19,Nyska / Jesionowa,Kościuszki / Pułaskiego,11
1759,135728474,57340,2022-01-11 22:31:08,2022-01-11 22:45:18,"Dworzec Główny, południe",Borowska (Uniw. Szpital Kliniczny),15
1760,135728548,650717,2022-01-11 22:35:37,2022-01-11 22:45:50,Poza stacją,Plac Grunwaldzki (DS Ołówek),11
1761,135728627,57357,2022-01-11 22:40:02,2022-01-11 22:45:58,Powstańcow Śląskich / Aleja Hallera,Powstańcow Śląskich / Aleja Hallera,6
1762,135728662,651197,2022-01-11 22:42:44,2022-01-11 22:50:36,Szewska / Kazimierza Wielkiego ,Walońska (Angel Poland Group),8
1763,135728245,57903,2022-01-11 22:19:33,2022-01-11 22:50:40,Szczęśliwa (Sky Tower),Pereca / Grabiszyńska,32
1764,135728743,650134,2022-01-11 22:48:12,2022-01-11 22:53:55,Piaskowa / św. Ducha,Plac Świętego Macieja / Trzebnicka,6
1765,135728587,57086,2022-01-11 22:37:53,2022-01-11 22:56:22,Grabiszyńska / Aleja Hallera,Grabiszyńska / Stalowa,19
1766,135728698,650184,2022-01-11 22:45:22,2022-01-11 22:56:55,Kamienna / Borowska (Aquapark),Krucza / Mielecka / Stalowa,12
1767,135728361,57478,2022-01-11 22:25:37,2022-01-11 22:57:51,Szewska / Kazimierza Wielkiego ,Opolska / pętla tramwajowa,33
1768,135728767,650884,2022-01-11 22:49:34,2022-01-11 23:00:40,Dworzec Główny ,Kościuszki / Komuny Paryskiej / Zgodna,12
1769,135728708,57340,2022-01-11 22:46:03,2022-01-11 23:00:47,Borowska (Uniw. Szpital Kliniczny),Poza stacją,15
1770,135728927,651476,2022-01-11 22:59:54,2022-01-11 23:01:34,Drobnera / Plac Bema,Drobnera / Plac Bema,2
1771,135728746,57465,2022-01-11 22:48:21,2022-01-11 23:01:38,al. Armii Krajowej / Bardzka,Poza stacją,14
1772,135728542,57888,2022-01-11 22:35:13,2022-01-11 23:02:25,Rynek,Racławicka / Rymarska,28
1773,135728943,651358,2022-01-11 23:01:07,2022-01-11 23:05:35,Kamienna / Borowska (Aquapark),Kamienna / Tomaszowska,5
1774,135728331,57311,2022-01-11 22:24:00,2022-01-11 23:06:04,Szewska / Kazimierza Wielkiego ,Czekoladowa / Wałbrzyska,43
1775,135728916,57422,2022-01-11 22:59:04,2022-01-11 23:07:14,Komandorska / Sanocka,Zaporoska / Grabiszyńska,9
1776,135728849,650973,2022-01-11 22:55:18,2022-01-11 23:10:36,Traugutta / Pułaskiego,Karwińska / Opolska,16
1777,135728925,651466,2022-01-11 22:59:38,2022-01-11 23:10:41,Szczęśliwa (Sky Tower),Ślężna / Aleja Wiśniowa,12
1778,135729053,650052,2022-01-11 23:08:26,2022-01-11 23:12:51,Plac Grunwaldzki / Polaka,Walońska (Angel Poland Group),5
1779,135728891,650198,2022-01-11 22:57:34,2022-01-11 23:13:08,Nowowiejska / Wyszyńskiego,Dworzec Główny ,16
1780,135729081,57171,2022-01-11 23:10:39,2022-01-11 23:13:59,Plac Powstańców Śląskich,Powstańcow Śląskich / Aleja Hallera,4
1781,135729089,650009,2022-01-11 23:11:34,2022-01-11 23:14:51,Karwińska / Opolska,Opolska / pętla tramwajowa,4
1782,135728961,650039,2022-01-11 23:01:53,2022-01-11 23:17:31,Drobnera / Plac Bema,Kościuszki / Pułaskiego,16
1783,135729085,651151,2022-01-11 23:10:46,2022-01-11 23:19:46,Świdnicka / Piłsudskiego (Hotel Scandic),Krucza / Mielecka / Stalowa,9
1784,135729145,57108,2022-01-11 23:16:48,2022-01-11 23:21:52,Poniatowskiego / Oleśnicka,Wyszyńskiego / Szczytnicka,6
1785,135729156,650142,2022-01-11 23:17:51,2022-01-11 23:24:54,Szczęśliwa (Sky Tower),Grabiszyńska / Stalowa,8
1786,135729192,57767,2022-01-11 23:20:48,2022-01-11 23:26:37,pl. Powstańców Wielkopolskich,Promenady Wrocławskie,6
1787,135729290,650038,2022-01-11 23:27:29,2022-01-11 23:31:16,Wróblewskiego (Teki),Wróblewskiego (ZOO),4
1788,135729284,651150,2022-01-11 23:27:06,2022-01-11 23:31:23,Wróblewskiego (Teki),Wróblewskiego (ZOO),5
1789,135729204,650379,2022-01-11 23:21:25,2022-01-11 23:31:30,Walońska (Angel Poland Group),Plac Dominikański (Galeria Dominikańska),11
1790,135729322,57845,2022-01-11 23:31:20,2022-01-11 23:34:34,Plac Legionów,Zaporoska / Grabiszyńska,4
1791,135729328,651464,2022-01-11 23:31:44,2022-01-11 23:36:33,Wróblewskiego (ZOO),Janiszewskiego (PWr),5
1792,135729325,651190,2022-01-11 23:31:36,2022-01-11 23:36:38,Wróblewskiego (ZOO),Janiszewskiego (PWr),6
1793,135729332,650869,2022-01-11 23:31:59,2022-01-11 23:38:39,Sienkiewicza / Wyszyńskiego,Plac Grunwaldzki / Polaka,7
1794,135729367,650818,2022-01-11 23:36:20,2022-01-11 23:43:08,Gazowa / Międzyleska,Mościckiego (stacja kolejowa),7
1795,135729336,650983,2022-01-11 23:32:19,2022-01-11 23:45:58,Hubska / Prudnicka,Plac Uniwersytecki (UWr),14
1796,135729446,650041,2022-01-11 23:44:24,2022-01-11 23:51:50,Kazimierza Wielkiego (Helios),Traugutta / Pułaskiego,8
1797,135729457,650983,2022-01-11 23:46:45,2022-01-11 23:54:30,Plac Uniwersytecki (UWr),Promenady Wrocławskie,8
1798,135729489,57875,2022-01-11 23:51:03,2022-01-11 23:57:33,Dworzec Główny ,Plac Dominikański (Galeria Dominikańska),7
